   0.0000000e+00   1.2000000e+03   1.0000000e+02   1.2000000e+03   2.0000000e+02   1.2000000e+03   3.0000000e+02   1.2000000e+03   4.0000000e+02   1.2000000e+03   5.0000000e+02   1.2000000e+03   6.0000000e+02   1.2000000e+03   7.0000000e+02   1.2000000e+03   8.0000000e+02   1.2000000e+03   9.0000000e+02   1.2000000e+03   1.0000000e+03   1.2000000e+03   1.1000000e+03   1.2000000e+03
   0.0000000e+00   1.1000000e+03   1.0000000e+02   1.1000000e+03   2.0000000e+02   1.1000000e+03   3.0000000e+02   1.1000000e+03   4.0000000e+02   1.1000000e+03   5.0000000e+02   1.1000000e+03   6.0000000e+02   1.1000000e+03   7.0000000e+02   1.1000000e+03   8.0000000e+02   1.1000000e+03   9.0000000e+02   1.1000000e+03   1.0000000e+03   1.1000000e+03   1.1000000e+03   1.1000000e+03
   0.0000000e+00   1.0000000e+03   1.0000000e+02   1.0000000e+03   2.0000000e+02   1.0000000e+03   3.0000000e+02   1.0000000e+03   4.0000000e+02   1.0000000e+03   5.0000000e+02   1.0000000e+03   6.0000000e+02   1.0000000e+03   7.0000000e+02   1.0000000e+03   8.0000000e+02   1.0000000e+03   9.0000000e+02   1.0000000e+03   1.0000000e+03   1.0000000e+03   1.1000000e+03   1.0000000e+03
   0.0000000e+00   9.0000000e+02   1.0000000e+02   9.0000000e+02   2.0000000e+02   9.0000000e+02   3.0000000e+02   9.0000000e+02   4.0000000e+02   9.0000000e+02   5.0000000e+02   9.0000000e+02   6.0000000e+02   9.0000000e+02   7.0000000e+02   9.0000000e+02   8.0000000e+02   9.0000000e+02   9.0000000e+02   9.0000000e+02   1.0000000e+03   9.0000000e+02   1.1000000e+03   9.0000000e+02
   0.0000000e+00   8.0000000e+02   1.0000000e+02   8.0000000e+02   2.0000000e+02   8.0000000e+02   3.0000000e+02   8.0000000e+02   4.0000000e+02   8.0000000e+02   5.0000000e+02   8.0000000e+02   6.0000000e+02   8.0000000e+02   7.0000000e+02   8.0000000e+02   8.0000000e+02   8.0000000e+02   9.0000000e+02   8.0000000e+02   1.0000000e+03   8.0000000e+02   1.1000000e+03   8.0000000e+02
   0.0000000e+00   7.0000000e+02   1.0000000e+02   7.0000000e+02   2.0000000e+02   7.0000000e+02   3.0000000e+02   7.0000000e+02   4.0000000e+02   7.0000000e+02   5.0000000e+02   7.0000000e+02   6.0000000e+02   7.0000000e+02   7.0000000e+02   7.0000000e+02   8.0000000e+02   7.0000000e+02   9.0000000e+02   7.0000000e+02   1.0000000e+03   7.0000000e+02   1.1000000e+03   7.0000000e+02
   0.0000000e+00   6.0000000e+02   1.0000000e+02   6.0000000e+02   2.0000000e+02   6.0000000e+02   3.0000000e+02   6.0000000e+02   4.0000000e+02   6.0000000e+02   5.0000000e+02   6.0000000e+02   6.0000000e+02   6.0000000e+02   7.0000000e+02   6.0000000e+02   8.0000000e+02   6.0000000e+02   9.0000000e+02   6.0000000e+02   1.0000000e+03   6.0000000e+02   1.1000000e+03   6.0000000e+02
   0.0000000e+00   5.0000000e+02   1.0000000e+02   5.0000000e+02   2.0000000e+02   5.0000000e+02   3.0000000e+02   5.0000000e+02   4.0000000e+02   5.0000000e+02   5.0000000e+02   5.0000000e+02   6.0000000e+02   5.0000000e+02   7.0000000e+02   5.0000000e+02   8.0000000e+02   5.0000000e+02   9.0000000e+02   5.0000000e+02   1.0000000e+03   5.0000000e+02   1.1000000e+03   5.0000000e+02
   0.0000000e+00   4.0000000e+02   1.0000000e+02   4.0000000e+02   2.0000000e+02   4.0000000e+02   3.0000000e+02   4.0000000e+02   4.0000000e+02   4.0000000e+02   5.0000000e+02   4.0000000e+02   6.0000000e+02   4.0000000e+02   7.0000000e+02   4.0000000e+02   8.0000000e+02   4.0000000e+02   9.0000000e+02   4.0000000e+02   1.0000000e+03   4.0000000e+02   1.1000000e+03   4.0000000e+02
   0.0000000e+00   3.0000000e+02   1.0000000e+02   3.0000000e+02   2.0000000e+02   3.0000000e+02   3.0000000e+02   3.0000000e+02   4.0000000e+02   3.0000000e+02   5.0000000e+02   3.0000000e+02   6.0000000e+02   3.0000000e+02   7.0000000e+02   3.0000000e+02   8.0000000e+02   3.0000000e+02   9.0000000e+02   3.0000000e+02   1.0000000e+03   3.0000000e+02   1.1000000e+03   3.0000000e+02
   0.0000000e+00   2.0000000e+02   1.0000000e+02   2.0000000e+02   2.0000000e+02   2.0000000e+02   3.0000000e+02   2.0000000e+02   4.0000000e+02   2.0000000e+02   5.0000000e+02   2.0000000e+02   6.0000000e+02   2.0000000e+02   7.0000000e+02   2.0000000e+02   8.0000000e+02   2.0000000e+02   9.0000000e+02   2.0000000e+02   1.0000000e+03   2.0000000e+02   1.1000000e+03   2.0000000e+02
   0.0000000e+00   1.0000000e+02   1.0000000e+02   1.0000000e+02   2.0000000e+02   1.0000000e+02   3.0000000e+02   1.0000000e+02   4.0000000e+02   1.0000000e+02   5.0000000e+02   1.0000000e+02   6.0000000e+02   1.0000000e+02   7.0000000e+02   1.0000000e+02   8.0000000e+02   1.0000000e+02   9.0000000e+02   1.0000000e+02   1.0000000e+03   1.0000000e+02   1.1000000e+03   1.0000000e+02
   0.0000000e+00   0.0000000e+00   1.0000000e+02   0.0000000e+00   2.0000000e+02   0.0000000e+00   3.0000000e+02   0.0000000e+00   4.0000000e+02   0.0000000e+00   5.0000000e+02   0.0000000e+00   6.0000000e+02   0.0000000e+00   7.0000000e+02   0.0000000e+00   8.0000000e+02   0.0000000e+00   9.0000000e+02   0.0000000e+00   1.0000000e+03   0.0000000e+00   1.1000000e+03   0.0000000e+00
