   5.6733314e+02   1.0634560e+02   5.5971004e+02   1.3957285e+02   5.5217456e+02   1.7104120e+02   5.4432429e+02   2.0220758e+02   5.3679733e+02   2.3165186e+02   5.2936503e+02   2.6078989e+02   5.2177359e+02   2.8838576e+02   5.1434513e+02   3.1534020e+02   5.0686815e+02   3.4070565e+02   4.9966458e+02   3.6549725e+02   4.9254283e+02   3.8884822e+02   4.8576543e+02   4.1151242e+02
   5.3729912e+02   1.0261596e+02   5.3022385e+02   1.3565891e+02   5.2278928e+02   1.6843260e+02   5.1552510e+02   1.9957527e+02   5.0824048e+02   2.3010449e+02   5.0084690e+02   2.5933867e+02   4.9393180e+02   2.8769098e+02   4.8673190e+02   3.1451806e+02   4.7993168e+02   3.4060642e+02   4.7289945e+02   3.6550499e+02   4.6647010e+02   3.8948841e+02   4.5966405e+02   4.1198854e+02
   5.0643652e+02   9.8132088e+01   4.9949500e+02   1.3250010e+02   4.9258170e+02   1.6530075e+02   4.8563271e+02   1.9749809e+02   4.7865103e+02   2.2813243e+02   4.7197819e+02   2.5798838e+02   4.6531242e+02   2.8657906e+02   4.5869820e+02   3.1406733e+02   4.5207222e+02   3.4027581e+02   4.4581601e+02   3.6563264e+02   4.3947281e+02   3.8963255e+02   4.3349305e+02   4.1269355e+02
   4.7398132e+02   9.4412542e+01   4.6753437e+02   1.2874565e+02   4.6102490e+02   1.6267971e+02   4.5440807e+02   1.9491376e+02   4.4812682e+02   2.2641020e+02   4.4165291e+02   2.5647691e+02   4.3556706e+02   2.8566644e+02   4.2929277e+02   3.1348614e+02   4.2339456e+02   3.3999654e+02   4.1737317e+02   3.6550674e+02   4.1188297e+02   3.8982145e+02   4.0598967e+02   4.1312548e+02
   4.4063342e+02   9.0213551e+01   4.3435038e+02   1.2560955e+02   4.2844018e+02   1.5965390e+02   4.2245456e+02   1.9272507e+02   4.1638327e+02   2.2440753e+02   4.1066415e+02   2.5514870e+02   4.0485325e+02   2.8448531e+02   3.9942197e+02   3.1259165e+02   3.9374235e+02   3.3959566e+02   3.8860882e+02   3.6546725e+02   3.8338429e+02   3.8978791e+02   3.7841601e+02   4.1345976e+02
   4.0602340e+02   8.6595394e+01   4.0029196e+02   1.2213894e+02   3.9488095e+02   1.5697750e+02   3.8930769e+02   1.9022109e+02   3.8397166e+02   2.2249992e+02   3.7861001e+02   2.5360659e+02   3.7345756e+02   2.8345012e+02   3.6844108e+02   3.1181144e+02   3.6369406e+02   3.3910081e+02   3.5877569e+02   3.6494616e+02   3.5445642e+02   3.8980188e+02   3.4974058e+02   4.1350624e+02
   3.7029293e+02   8.2653052e+01   3.6511330e+02   1.1912350e+02   3.6019621e+02   1.5402719e+02   3.5525239e+02   1.8793962e+02   3.5041681e+02   2.2059782e+02   3.4586221e+02   2.5196893e+02   3.4125403e+02   2.8206932e+02   3.3705467e+02   3.1095594e+02   3.3265812e+02   3.3834433e+02   3.2878231e+02   3.6451576e+02   3.2468927e+02   3.8953660e+02   3.2101497e+02   4.1350906e+02
   3.3370366e+02   7.9250422e+01   3.2897422e+02   1.1581979e+02   3.2489369e+02   1.5143982e+02   3.2033803e+02   1.8561545e+02   3.1644182e+02   2.1866539e+02   3.1232648e+02   2.5034975e+02   3.0849456e+02   2.8076765e+02   3.0466973e+02   3.0981633e+02   3.0136312e+02   3.3762970e+02   2.9772159e+02   3.6389557e+02   2.9473238e+02   3.8925679e+02   2.9146544e+02   4.1324440e+02
   2.9638481e+02   7.5820620e+01   2.9234891e+02   1.1297108e+02   2.8865710e+02   1.4880665e+02   2.8506712e+02   1.8342618e+02   2.8147416e+02   2.1670773e+02   2.7835519e+02   2.4868076e+02   2.7498820e+02   2.7949008e+02   2.7223806e+02   3.0862070e+02   2.6923807e+02   3.3655883e+02   2.6670819e+02   3.6336983e+02   2.6413304e+02   3.8860387e+02   2.6175136e+02   4.1274777e+02
   2.5847674e+02   7.2840654e+01   2.5505007e+02   1.1014430e+02   2.5205836e+02   1.4641969e+02   2.4902543e+02   1.8111625e+02   2.4642067e+02   2.1480212e+02   2.4361098e+02   2.4698760e+02   2.4138380e+02   2.7791789e+02   2.3896499e+02   3.0746809e+02   2.3713870e+02   3.3563010e+02   2.3500418e+02   3.6228121e+02   2.3344602e+02   3.8782216e+02   2.3147071e+02   4.1210565e+02
   2.2011988e+02   6.9827577e+01   2.1726203e+02   1.0747606e+02   2.1484704e+02   1.4393729e+02   2.1265489e+02   1.7893426e+02   2.1050122e+02   2.1277425e+02   2.0866519e+02   2.4536336e+02   2.0700656e+02   2.7633507e+02   2.0571966e+02   3.0594294e+02   2.0420352e+02   3.3424911e+02   2.0331872e+02   3.6131819e+02   2.0201560e+02   3.8680323e+02   2.0132514e+02   4.1135475e+02
   1.8152656e+02   6.7145273e+01   1.7947409e+02   1.0504954e+02   1.7792999e+02   1.4159129e+02   1.7617886e+02   1.7684858e+02   1.7502986e+02   2.1075329e+02   1.7367094e+02   2.4353971e+02   1.7301730e+02   2.7462373e+02   1.7214994e+02   3.0433250e+02   1.7177773e+02   3.3293562e+02   1.7115266e+02   3.5988997e+02   1.7117339e+02   3.8569813e+02   1.7066830e+02   4.1025361e+02
   1.4297152e+02   6.4870199e+01   1.4149142e+02   1.0275536e+02   1.4050575e+02   1.3952420e+02   1.3983233e+02   1.7486505e+02   1.3897722e+02   2.0889847e+02   1.3883464e+02   2.4164499e+02   1.3847484e+02   2.7292163e+02   1.3869388e+02   3.0277168e+02   1.3877558e+02   3.3148706e+02   1.3934034e+02   3.5851250e+02   1.3952651e+02   3.8434522e+02   1.4030273e+02   4.0916938e+02
