   4.7811019e+02   1.0360508e+02   4.7390597e+02   1.3817104e+02   4.6956309e+02   1.7184876e+02   4.6505377e+02   2.0548428e+02   4.6048204e+02   2.3797743e+02   4.5587969e+02   2.7036511e+02   4.5112629e+02   3.0166716e+02   4.4644747e+02   3.3217449e+02   4.4142041e+02   3.6170177e+02   4.3665824e+02   3.9046378e+02   4.3183095e+02   4.1818611e+02   4.2737126e+02   4.4514669e+02
   4.4670212e+02   9.9942372e+01   4.4273648e+02   1.3459050e+02   4.3854848e+02   1.6938960e+02   4.3416712e+02   2.0322750e+02   4.2985400e+02   2.3668114e+02   4.2539549e+02   2.6944112e+02   4.2114047e+02   3.0145959e+02   4.1644761e+02   3.3222828e+02   4.1211214e+02   3.6237063e+02   4.0738913e+02   3.9148562e+02   4.0322837e+02   4.1969098e+02   3.9857762e+02   4.4662164e+02
   4.1449296e+02   9.5849534e+01   4.1054697e+02   1.3160345e+02   4.0651364e+02   1.6665012e+02   4.0239001e+02   2.0141388e+02   3.9822708e+02   2.3526707e+02   3.9432284e+02   2.6847231e+02   3.9004205e+02   3.0084579e+02   3.8595614e+02   3.3240099e+02   3.8165628e+02   3.6278264e+02   3.7779758e+02   3.9231897e+02   3.7358251e+02   4.2073124e+02   3.6981194e+02   4.4816073e+02
   3.8066521e+02   9.2347625e+01   3.7696330e+02   1.2832797e+02   3.7322619e+02   1.6421177e+02   3.6923903e+02   1.9932187e+02   3.6552679e+02   2.3382552e+02   3.6160458e+02   2.6761019e+02   3.5797619e+02   3.0044416e+02   3.5393755e+02   3.3232809e+02   3.5048966e+02   3.6335157e+02   3.4656758e+02   3.9301790e+02   3.4326821e+02   4.2181876e+02   3.3959461e+02   4.4958390e+02
   3.4592417e+02   8.8591657e+01   3.4239286e+02   1.2535516e+02   3.3870902e+02   1.6157487e+02   3.3529316e+02   1.9737251e+02   3.3154295e+02   2.3226138e+02   3.2834681e+02   2.6652887e+02   3.2470887e+02   2.9984927e+02   3.2152896e+02   3.3209367e+02   3.1808256e+02   3.6347324e+02   3.1512605e+02   3.9364944e+02   3.1177041e+02   4.2257136e+02   3.0914011e+02   4.5065587e+02
   3.0998790e+02   8.5220155e+01   3.0675079e+02   1.2244934e+02   3.0343029e+02   1.5926892e+02   3.0006297e+02   1.9528400e+02   2.9701826e+02   2.3078457e+02   2.9380955e+02   2.6550369e+02   2.9089188e+02   2.9926840e+02   2.8787207e+02   3.3187557e+02   2.8538089e+02   3.6357103e+02   2.8241356e+02   3.9388793e+02   2.8015419e+02   4.2340951e+02   2.7737201e+02   4.5160062e+02
   2.7330210e+02   8.1879504e+01   2.7014960e+02   1.1959283e+02   2.6698709e+02   1.5666596e+02   2.6422936e+02   1.9336675e+02   2.6130576e+02   2.2929440e+02   2.5873362e+02   2.6428348e+02   2.5614819e+02   2.9837103e+02   2.5385763e+02   3.3153851e+02   2.5146565e+02   3.6343188e+02   2.4949525e+02   3.9414293e+02   2.4733102e+02   4.2370642e+02   2.4562595e+02   4.5226028e+02
   2.3572027e+02   7.8774182e+01   2.3280913e+02   1.1679332e+02   2.3021862e+02   1.5448559e+02   2.2748949e+02   1.9144134e+02   2.2526492e+02   2.2773149e+02   2.2279653e+02   2.6313671e+02   2.2092774e+02   2.9761011e+02   2.1882597e+02   3.3089597e+02   2.1742124e+02   3.6314882e+02   2.1550418e+02   3.9413029e+02   2.1445294e+02   4.2394259e+02   2.1291699e+02   4.5269612e+02
   1.9770681e+02   7.6046746e+01   1.9488258e+02   1.1435777e+02   1.9254113e+02   1.5234100e+02   1.9038295e+02   1.8959953e+02   1.8820016e+02   2.2607690e+02   1.8659348e+02   2.6184472e+02   1.8492857e+02   2.9648163e+02   1.8375038e+02   3.3019034e+02   1.8246329e+02   3.6262864e+02   1.8168838e+02   3.9386862e+02   1.8064383e+02   4.2400303e+02   1.8033710e+02   4.5301617e+02
   1.5923431e+02   7.3313236e+01   1.5682064e+02   1.1215201e+02   1.5471708e+02   1.5030056e+02   1.5289308e+02   1.8781563e+02   1.5134338e+02   2.2456692e+02   1.4998432e+02   2.6049096e+02   1.4898110e+02   2.9555905e+02   1.4812281e+02   3.2940747e+02   1.4769090e+02   3.6198094e+02   1.4698341e+02   3.9355001e+02   1.4710344e+02   4.2372733e+02   1.4681435e+02   4.5295406e+02
   1.2047724e+02   7.0951084e+01   1.1827303e+02   1.0973799e+02   1.1642168e+02   1.4838096e+02   1.1512787e+02   1.8592093e+02   1.1372563e+02   2.2305711e+02   1.1312742e+02   2.5912103e+02   1.1249175e+02   2.9422484e+02   1.1246912e+02   3.2818645e+02   1.1219994e+02   3.6129908e+02   1.1258739e+02   3.9278929e+02   1.1275223e+02   4.2333706e+02   1.1368492e+02   4.5251182e+02
   8.1791417e+01   6.8537018e+01   7.9928608e+01   1.0800522e+02   7.8568167e+01   1.4627808e+02   7.7390967e+01   1.8436277e+02   7.6754891e+01   2.2134694e+02   7.6323490e+01   2.5777763e+02   7.6508935e+01   2.9282798e+02   7.6571444e+01   3.2715853e+02   7.7333390e+01   3.6011401e+02   7.7828009e+01   3.9196089e+02   7.9186149e+01   4.2247374e+02   8.0123861e+01   4.5194989e+02
   4.3222638e+01   6.6804580e+01   4.1525068e+01   1.0587807e+02   4.0549188e+01   1.4483806e+02   3.9868601e+01   1.8248547e+02   3.9361430e+01   2.1995608e+02   3.9765261e+01   2.5608663e+02   4.0027971e+01   2.9175378e+02   4.1009861e+01   3.2570151e+02   4.1918894e+01   3.5917288e+02   4.3480425e+01   3.9084346e+02   4.4791855e+01   4.2166685e+02   4.6816638e+01   4.5133432e+02
