   3.8870185e+02   6.3527344e+01   3.8363340e+02   9.0082191e+01   3.7886956e+02   1.1579718e+02   3.7411618e+02   1.4078247e+02   3.6952038e+02   1.6495491e+02   3.6508989e+02   1.8847952e+02   3.6060484e+02   2.1130200e+02   3.5622794e+02   2.3309081e+02   3.5206923e+02   2.5448325e+02   3.4792964e+02   2.7478511e+02   3.4410889e+02   2.9469511e+02   3.4063608e+02   3.1343818e+02
   3.7035878e+02   6.5183945e+01   3.6557793e+02   9.2414009e+01   3.6076490e+02   1.1888969e+02   3.5632692e+02   1.4447412e+02   3.5179798e+02   1.6938002e+02   3.4738129e+02   1.9350557e+02   3.4330745e+02   2.1680935e+02   3.3896770e+02   2.3929388e+02   3.3522989e+02   2.6084872e+02   3.3119201e+02   2.8177070e+02   3.2764218e+02   3.0174691e+02   3.2403001e+02   3.2126285e+02
   3.5100209e+02   6.6819437e+01   3.4633730e+02   9.5059135e+01   3.4162671e+02   1.2238846e+02   3.3748679e+02   1.4870217e+02   3.3305740e+02   1.7426788e+02   3.2896537e+02   1.9885614e+02   3.2495091e+02   2.2277690e+02   3.2130052e+02   2.4556675e+02   3.1718719e+02   2.6767723e+02   3.1383570e+02   2.8888119e+02   3.1039716e+02   3.0938027e+02   3.0723705e+02   3.2881774e+02
   3.3018883e+02   6.8980157e+01   3.2570901e+02   9.7842747e+01   3.2142769e+02   1.2600141e+02   3.1735989e+02   1.5317781e+02   3.1331480e+02   1.7936206e+02   3.0929744e+02   2.0458484e+02   3.0572341e+02   2.2890016e+02   3.0194726e+02   2.5249170e+02   2.9852752e+02   2.7481981e+02   2.9520423e+02   2.9648204e+02   2.9238400e+02   3.1705436e+02   2.8896296e+02   3.3713854e+02
   3.0822313e+02   7.1105087e+01   3.0387348e+02   1.0110913e+02   2.9976203e+02   1.3008112e+02   2.9606256e+02   1.5791369e+02   2.9224335e+02   1.8478395e+02   2.8874378e+02   2.1065372e+02   2.8517343e+02   2.3556327e+02   2.8196111e+02   2.5946377e+02   2.7867021e+02   2.8241324e+02   2.7597281e+02   3.0432969e+02   2.7299491e+02   3.2544472e+02   2.7058617e+02   3.4545642e+02
   2.8458459e+02   7.3661508e+01   2.8064274e+02   1.0451396e+02   2.7687630e+02   1.3441241e+02   2.7338078e+02   1.6299855e+02   2.7013920e+02   1.9059816e+02   2.6676221e+02   2.1708471e+02   2.6384622e+02   2.4255721e+02   2.6058728e+02   2.6694066e+02   2.5817534e+02   2.9028908e+02   2.5558505e+02   3.1257877e+02   2.5324485e+02   3.3386411e+02   2.5072571e+02   3.5439064e+02
   2.5948203e+02   7.6452175e+01   2.5592074e+02   1.0840161e+02   2.5252733e+02   1.3893311e+02   2.4952744e+02   1.6846671e+02   2.4643996e+02   1.9671857e+02   2.4381955e+02   2.2384162e+02   2.4112867e+02   2.4987822e+02   2.3858178e+02   2.7474953e+02   2.3627705e+02   2.9857591e+02   2.3441191e+02   3.2105867e+02   2.3219193e+02   3.4272048e+02   2.3048749e+02   3.6335324e+02
   2.3268506e+02   7.9630079e+01   2.2957675e+02   1.1247440e+02   2.2675039e+02   1.4407378e+02   2.2408551e+02   1.7434784e+02   2.2177291e+02   2.0328940e+02   2.1924948e+02   2.3108545e+02   2.1738598e+02   2.5763434e+02   2.1518747e+02   2.8298345e+02   2.1361561e+02   3.0707733e+02   2.1178315e+02   3.3017408e+02   2.1047409e+02   3.5189745e+02   2.0883896e+02   3.7297455e+02
   2.0425821e+02   8.3163413e+01   2.0163433e+02   1.1693333e+02   1.9938344e+02   1.4948617e+02   1.9732883e+02   1.8051028e+02   1.9531740e+02   2.1034723e+02   1.9362645e+02   2.3867364e+02   1.9194116e+02   2.6582465e+02   1.9070255e+02   2.9151878e+02   1.8951421e+02   3.1616333e+02   1.8859700e+02   3.3934375e+02   1.8743236e+02   3.6162810e+02   1.8672713e+02   3.8271599e+02
   1.7404468e+02   8.6958425e+01   1.7190453e+02   1.2199959e+02   1.7042424e+02   1.5533137e+02   1.6881180e+02   1.8720861e+02   1.6774940e+02   2.1766186e+02   1.6662853e+02   2.4672876e+02   1.6567345e+02   2.7445898e+02   1.6484798e+02   3.0060429e+02   1.6457688e+02   3.2541557e+02   1.6394903e+02   3.4918109e+02   1.6377615e+02   3.7155563e+02   1.6330363e+02   3.9295988e+02
   1.4167679e+02   9.1409551e+01   1.4026189e+02   1.2726071e+02   1.3944270e+02   1.6172757e+02   1.3869950e+02   1.9433417e+02   1.3831994e+02   2.2561741e+02   1.3818334e+02   2.5517570e+02   1.3781513e+02   2.8338352e+02   1.3811747e+02   3.0994460e+02   1.3801659e+02   3.3531515e+02   1.3851077e+02   3.5910668e+02   1.3857663e+02   3.8192676e+02   1.3930084e+02   4.0326899e+02
   1.0755924e+02   9.5989251e+01   1.0715486e+02   1.3326351e+02   1.0719549e+02   1.6834610e+02   1.0717799e+02   2.0201188e+02   1.0749868e+02   2.3372490e+02   1.0801707e+02   2.6418718e+02   1.0898728e+02   2.9273933e+02   1.0965299e+02   3.1975901e+02   1.1082137e+02   3.4537620e+02   1.1162201e+02   3.6960653e+02   1.1288796e+02   3.9253467e+02   1.1389304e+02   4.1429584e+02
   7.1466768e+01   1.0150820e+02   7.1803755e+01   1.3943382e+02   7.2770695e+01   1.7584929e+02   7.4041703e+01   2.1008833e+02   7.5309454e+01   2.4268161e+02   7.6751218e+01   2.7334962e+02   7.8435903e+01   3.0275559e+02   8.0366820e+01   3.3001275e+02   8.1987482e+01   3.5614485e+02   8.3879736e+01   3.8051409e+02   8.5685641e+01   4.0364845e+02   8.7837443e+01   4.2540182e+02
