   6.0390658e+02   1.6517720e+02   5.8950820e+02   2.0183787e+02   5.7651590e+02   2.3541287e+02   5.6349065e+02   2.6746204e+02   5.5134194e+02   2.9672281e+02   5.3955300e+02   3.2484186e+02   5.2816980e+02   3.5068661e+02   5.1745408e+02   3.7483208e+02   5.0715349e+02   3.9737018e+02   4.9749421e+02   4.1861135e+02   4.8824345e+02   4.3827166e+02   4.7950246e+02   4.5693620e+02
   5.6282072e+02   1.5524288e+02   5.5034700e+02   1.9140642e+02   5.3795727e+02   2.2621923e+02   5.2649562e+02   2.5791886e+02   5.1532415e+02   2.8816085e+02   5.0457471e+02   3.1605115e+02   4.9434538e+02   3.4248084e+02   4.8458090e+02   3.6669191e+02   4.7544912e+02   3.8967723e+02   4.6650617e+02   4.1085741e+02   4.5830324e+02   4.3108945e+02   4.5037503e+02   4.4967442e+02
   5.2190609e+02   1.4459588e+02   5.1036582e+02   1.8195395e+02   4.9956433e+02   2.1633009e+02   4.8895010e+02   2.4900966e+02   4.7912240e+02   2.7903181e+02   4.6961804e+02   3.0753313e+02   4.6045740e+02   3.3401032e+02   4.5178492e+02   3.5880046e+02   4.4358972e+02   3.8166012e+02   4.3583891e+02   4.0340237e+02   4.2845293e+02   4.2352150e+02   4.2163598e+02   4.4254428e+02
   4.8004990e+02   1.3493899e+02   4.7010696e+02   1.7186363e+02   4.6040629e+02   2.0702286e+02   4.5127690e+02   2.3954237e+02   4.4260814e+02   2.7031166e+02   4.3413395e+02   2.9876507e+02   4.2634753e+02   3.2560056e+02   4.1862906e+02   3.5037566e+02   4.1160630e+02   3.7372572e+02   4.0466692e+02   3.9531878e+02   3.9849447e+02   4.1589507e+02   3.9237345e+02   4.3490968e+02
   4.3851576e+02   1.2493545e+02   4.2970970e+02   1.6269168e+02   4.2144457e+02   1.9762752e+02   4.1361333e+02   2.3064283e+02   4.0601180e+02   2.6119063e+02   3.9915079e+02   2.9004462e+02   3.9213781e+02   3.1691066e+02   3.8580770e+02   3.4200857e+02   3.7958515e+02   3.6539765e+02   3.7396791e+02   3.8748025e+02   3.6848903e+02   4.0799241e+02   3.6343987e+02   4.2735938e+02
   3.9667474e+02   1.1597197e+02   3.8950799e+02   1.5316519e+02   3.8263235e+02   1.8858530e+02   3.7594000e+02   2.2144691e+02   3.6979832e+02   2.5238784e+02   3.6387428e+02   2.8129613e+02   3.5819944e+02   3.0838145e+02   3.5284497e+02   3.3356253e+02   3.4790586e+02   3.5726007e+02   3.4315798e+02   3.7927910e+02   3.3870112e+02   4.0012677e+02   3.3440369e+02   4.1941895e+02
   3.5534506e+02   1.0668228e+02   3.4963171e+02   1.4438531e+02   3.4387280e+02   1.7940080e+02   3.3878325e+02   2.1256434e+02   3.3357045e+02   2.4347945e+02   3.2911426e+02   2.7258459e+02   3.2436434e+02   2.9968782e+02   3.2040904e+02   3.2510222e+02   3.1631439e+02   3.4882187e+02   3.1278784e+02   3.7117033e+02   3.0913538e+02   3.9199849e+02   3.0605683e+02   4.1175049e+02
   3.1469406e+02   9.8391816e+01   3.1033644e+02   1.3563107e+02   3.0610672e+02   1.7081374e+02   3.0179342e+02   2.0377164e+02   2.9826976e+02   2.3492164e+02   2.9457915e+02   2.6380523e+02   2.9137936e+02   2.9118852e+02   2.8822348e+02   3.1664505e+02   2.8543078e+02   3.4058051e+02   2.8240137e+02   3.6282237e+02   2.8016776e+02   3.8389444e+02   2.7751284e+02   4.0364466e+02
   2.7510212e+02   9.0282972e+01   2.7188016e+02   1.2748234e+02   2.6873686e+02   1.6250750e+02   2.6592796e+02   1.9533094e+02   2.6321860e+02   2.2629310e+02   2.6091699e+02   2.5537301e+02   2.5850847e+02   2.8258511e+02   2.5658704e+02   3.0815531e+02   2.5454918e+02   3.3218159e+02   2.5294650e+02   3.5465207e+02   2.5128712e+02   3.7578617e+02   2.4976280e+02   3.9571210e+02
   2.3661072e+02   8.2758586e+01   2.3442182e+02   1.1964774e+02   2.3251966e+02   1.5446480e+02   2.3071476e+02   1.8707367e+02   2.2934741e+02   2.1796219e+02   2.2773551e+02   2.4682817e+02   2.2659771e+02   2.7426671e+02   2.2537609e+02   2.9968252e+02   2.2462588e+02   3.2382409e+02   2.2365760e+02   3.4633133e+02   2.2296396e+02   3.6767690e+02   2.2214217e+02   3.8758110e+02
   1.9904195e+02   7.5635857e+01   1.9795059e+02   1.1213201e+02   1.9713087e+02   1.4666847e+02   1.9654184e+02   1.7904705e+02   1.9584840e+02   2.0973059e+02   1.9560732e+02   2.3858603e+02   1.9519118e+02   2.6581171e+02   1.9533322e+02   2.9135180e+02   1.9500384e+02   3.1541571e+02   1.9525834e+02   3.3804904e+02   1.9500241e+02   3.5921363e+02   1.9543857e+02   3.7947701e+02
   1.6304035e+02   6.8862229e+01   1.6287298e+02   1.0506929e+02   1.6326469e+02   1.3905510e+02   1.6343437e+02   1.7143428e+02   1.6382410e+02   2.0175577e+02   1.6424507e+02   2.3052185e+02   1.6504085e+02   2.5765023e+02   1.6566707e+02   2.8309182e+02   1.6650583e+02   3.0723178e+02   1.6725032e+02   3.2977501e+02   1.6827044e+02   3.5117531e+02   1.6885993e+02   3.7131113e+02
   1.2827809e+02   6.2649006e+01   1.2916312e+02   9.8382268e+01   1.3028108e+02   1.3226005e+02   1.3152942e+02   1.6390669e+02   1.3264495e+02   1.9423108e+02   1.3433463e+02   2.2266682e+02   1.3533390e+02   2.4970428e+02   1.3697687e+02   2.7493708e+02   1.3846527e+02   2.9898451e+02   1.4025958e+02   3.2160200e+02   1.4157631e+02   3.4301823e+02   1.4334491e+02   3.6331100e+02
