   6.0486643e+02   1.5352725e+02   5.9279347e+02   1.8628013e+02   5.8134497e+02   2.1738545e+02   5.6966986e+02   2.4780993e+02   5.5818157e+02   2.7674326e+02   5.4700225e+02   3.0519025e+02   5.3573130e+02   3.3193797e+02   5.2485576e+02   3.5789987e+02   5.1434363e+02   3.8244419e+02   5.0383904e+02   4.0624525e+02   4.9384859e+02   4.2872712e+02   4.8409812e+02   4.5053175e+02
   5.7311512e+02   1.4136487e+02   5.6239652e+02   1.7283220e+02   5.5131948e+02   2.0421253e+02   5.4056473e+02   2.3369401e+02   5.2981917e+02   2.6283102e+02   5.1939724e+02   2.9050328e+02   5.0894670e+02   3.1746565e+02   4.9891084e+02   3.4285968e+02   4.8896237e+02   3.6772367e+02   4.7932342e+02   3.9092495e+02   4.6992168e+02   4.1381397e+02   4.6066550e+02   4.3515796e+02
   5.4304187e+02   1.2906623e+02   5.3282493e+02   1.6100718e+02   5.2268124e+02   1.9113520e+02   5.1253735e+02   2.2090444e+02   5.0272376e+02   2.4915764e+02   4.9276417e+02   2.7687382e+02   4.8327231e+02   3.0324931e+02   4.7377810e+02   3.2885321e+02   4.6467513e+02   3.5311077e+02   4.5571667e+02   3.7673154e+02   4.4683947e+02   3.9898396e+02   4.3851637e+02   4.2076547e+02
   5.1383768e+02   1.1840464e+02   5.0435991e+02   1.4901256e+02   4.9478938e+02   1.7926663e+02   4.8541504e+02   2.0814208e+02   4.7614004e+02   2.3639789e+02   4.6709896e+02   2.6340659e+02   4.5809123e+02   2.8978146e+02   4.4948203e+02   3.1483512e+02   4.4084099e+02   3.3922896e+02   4.3253784e+02   3.6242866e+02   4.2451425e+02   3.8488880e+02   4.1665955e+02   4.0624067e+02
   4.8594928e+02   1.0761000e+02   4.7664355e+02   1.3816187e+02   4.6821390e+02   1.6746636e+02   4.5937464e+02   1.9621606e+02   4.5072205e+02   2.2376930e+02   4.4245074e+02   2.5075500e+02   4.3380831e+02   2.7660388e+02   4.2587509e+02   3.0159595e+02   4.1795167e+02   3.2556980e+02   4.1036528e+02   3.4877797e+02   4.0275943e+02   3.7086494e+02   3.9549440e+02   3.9249709e+02
   4.5899018e+02   9.8007646e+01   4.5047044e+02   1.2752628e+02   4.4232107e+02   1.5668752e+02   4.3431336e+02   1.8462515e+02   4.2640195e+02   2.1203166e+02   4.1844279e+02   2.3847708e+02   4.1063369e+02   2.6411449e+02   4.0313124e+02   2.8871461e+02   3.9597533e+02   3.1258719e+02   3.8875158e+02   3.3537837e+02   3.8191172e+02   3.5767476e+02   3.7510912e+02   3.7877700e+02
   4.3336242e+02   8.8485188e+01   4.2540888e+02   1.1780026e+02   4.1767753e+02   1.4611668e+02   4.1021886e+02   1.7387397e+02   4.0267148e+02   2.0063875e+02   3.9548167e+02   2.2678306e+02   3.8826970e+02   2.5198718e+02   3.8135788e+02   2.7647682e+02   3.7453829e+02   2.9994578e+02   3.6808951e+02   3.2274794e+02   3.6156481e+02   3.4447760e+02   3.5544813e+02   3.6571522e+02
   4.0846517e+02   8.0000767e+01   4.0118195e+02   1.0841010e+02   3.9377231e+02   1.3642035e+02   3.8713200e+02   1.6345927e+02   3.8025742e+02   1.8987217e+02   3.7341172e+02   2.1549537e+02   3.6679379e+02   2.4044228e+02   3.6025526e+02   2.6446363e+02   3.5407776e+02   2.8782982e+02   3.4807854e+02   3.1034359e+02   3.4220111e+02   3.3204597e+02   3.3633215e+02   3.5291648e+02
   3.8506485e+02   7.1751072e+01   3.7828065e+02   9.9777399e+01   3.7121109e+02   1.2701607e+02   3.6488913e+02   1.5367177e+02   3.5848423e+02   1.7951399e+02   3.5234767e+02   2.0486171e+02   3.4588371e+02   2.2928459e+02   3.4030563e+02   2.5314424e+02   3.3424603e+02   2.7611757e+02   3.2877722e+02   2.9840662e+02   3.2323801e+02   3.1982274e+02   3.1814574e+02   3.4080474e+02
   3.6261779e+02   6.4330747e+01   3.5627979e+02   9.1524151e+01   3.5001837e+02   1.1838366e+02   3.4378199e+02   1.4440985e+02   3.3801306e+02   1.6986209e+02   3.3215185e+02   1.9466229e+02   3.2635655e+02   2.1879761e+02   3.2083350e+02   2.4215254e+02   3.1546347e+02   2.6487330e+02   3.1025394e+02   2.8682449e+02   3.0536422e+02   3.0823889e+02   3.0034711e+02   3.2875277e+02
   3.4121939e+02   5.6905558e+01   3.3525175e+02   8.3851778e+01   3.2930814e+02   1.0989118e+02   3.2345571e+02   1.3544846e+02   3.1797903e+02   1.6051947e+02   3.1265521e+02   1.8483443e+02   3.0732662e+02   2.0855603e+02   3.0229223e+02   2.3165115e+02   2.9735817e+02   2.5402112e+02   2.9248238e+02   2.7572874e+02   2.8780831e+02   2.9679136e+02   2.8348844e+02   3.1727968e+02
   3.2074468e+02   5.0379725e+01   3.1533824e+02   7.6465115e+01   3.0976028e+02   1.0213760e+02   3.0414237e+02   1.2717083e+02   2.9928917e+02   1.5166338e+02   2.9422131e+02   1.7557097e+02   2.8924407e+02   1.9883096e+02   2.8449492e+02   2.2152291e+02   2.8014780e+02   2.4370924e+02   2.7545158e+02   2.6502573e+02   2.7120783e+02   2.8595005e+02   2.6716946e+02   3.0624461e+02
   3.0148087e+02   4.4055573e+01   2.9631077e+02   6.9604091e+01   2.9108509e+02   9.4669421e+01   2.8611658e+02   1.1930517e+02   2.8116260e+02   1.4324053e+02   2.7681230e+02   1.6680184e+02   2.7177600e+02   1.8959344e+02   2.6744759e+02   2.1189362e+02   2.6305969e+02   2.3370802e+02   2.5927094e+02   2.5485474e+02   2.5512406e+02   2.7543608e+02   2.5144515e+02   2.9542362e+02
