   4.9501490e+02   1.4648174e+02   4.9527433e+02   1.6645926e+02   4.9543897e+02   1.8673321e+02   4.9553907e+02   2.0851648e+02   4.9527919e+02   2.3067517e+02   4.9522471e+02   2.5442892e+02   4.9459854e+02   2.7854020e+02   4.9440249e+02   3.0437695e+02   4.9317968e+02   3.3078795e+02   4.9280288e+02   3.5876117e+02   4.9151664e+02   3.8744828e+02   4.9055682e+02   4.1754308e+02
   4.7095567e+02   1.4223608e+02   4.7031381e+02   1.6161815e+02   4.7029013e+02   1.8235991e+02   4.6964314e+02   2.0374404e+02   4.6916227e+02   2.2617481e+02   4.6820182e+02   2.4967747e+02   4.6730693e+02   2.7411637e+02   4.6604099e+02   2.9981917e+02   4.6491758e+02   3.2643461e+02   4.6325031e+02   3.5406883e+02   4.6198579e+02   3.8334222e+02   4.5968748e+02   4.1286608e+02
   4.4657864e+02   1.3734276e+02   4.4553511e+02   1.5737086e+02   4.4468280e+02   1.7760822e+02   4.4372264e+02   1.9930939e+02   4.4243670e+02   2.2145922e+02   4.4116162e+02   2.4521382e+02   4.3950526e+02   2.6935646e+02   4.3791967e+02   2.9540418e+02   4.3587993e+02   3.2179737e+02   4.3426871e+02   3.4962840e+02   4.3150198e+02   3.7838849e+02   4.2954801e+02   4.0849809e+02
   4.2185076e+02   1.3311854e+02   4.2050326e+02   1.5255846e+02   4.1886428e+02   1.7325959e+02   4.1736199e+02   1.9447442e+02   4.1560815e+02   2.1684830e+02   4.1347342e+02   2.4028492e+02   4.1146562e+02   2.6463184e+02   4.0888636e+02   2.9031837e+02   4.0677256e+02   3.1711950e+02   4.0374077e+02   3.4467145e+02   4.0121885e+02   3.7370207e+02   3.9776269e+02   4.0377661e+02
   3.9703558e+02   1.2855887e+02   3.9514119e+02   1.4813523e+02   3.9281666e+02   1.6854502e+02   3.9088860e+02   1.8980697e+02   3.8837466e+02   2.1216109e+02   3.8581720e+02   2.3560024e+02   3.8287127e+02   2.5989360e+02   3.8015361e+02   2.8560163e+02   3.7692540e+02   3.1216091e+02   3.7388120e+02   3.3980506e+02   3.7004611e+02   3.6866755e+02   3.6652219e+02   3.9883747e+02
   3.7221968e+02   1.2435727e+02   3.6955302e+02   1.4372516e+02   3.6672954e+02   1.6401216e+02   3.6415409e+02   1.8522861e+02   3.6121697e+02   2.0758453e+02   3.5792170e+02   2.3077355e+02   3.5447563e+02   2.5521185e+02   3.5073545e+02   2.8057551e+02   3.4737370e+02   3.0732321e+02   3.4320922e+02   3.3477599e+02   3.3929846e+02   3.6368798e+02   3.3457627e+02   3.9369894e+02
   3.4700023e+02   1.2006130e+02   3.4403360e+02   1.3946167e+02   3.4044077e+02   1.5953623e+02   3.3736479e+02   1.8072598e+02   3.3360069e+02   2.0279182e+02   3.3008510e+02   2.2600762e+02   3.2575399e+02   2.5027850e+02   3.2172755e+02   2.7574606e+02   3.1733769e+02   3.0217949e+02   3.1261336e+02   3.2977724e+02   3.0783636e+02   3.5830782e+02   3.0317732e+02   3.8822348e+02
   3.2203396e+02   1.1591955e+02   3.1839727e+02   1.3512428e+02   3.1453145e+02   1.5535641e+02   3.1046844e+02   1.7637496e+02   3.0648225e+02   1.9819633e+02   3.0193040e+02   2.2141538e+02   2.9733225e+02   2.4553845e+02   2.9232995e+02   2.7065535e+02   2.8745853e+02   2.9715757e+02   2.8212520e+02   3.2441836e+02   2.7702172e+02   3.5315716e+02   2.7104446e+02   3.8270791e+02
   2.9692771e+02   1.1199571e+02   2.9281094e+02   1.3110317e+02   2.8841195e+02   1.5106242e+02   2.8381455e+02   1.7188742e+02   2.7907292e+02   1.9380148e+02   2.7412836e+02   2.1667971e+02   2.6865905e+02   2.4053140e+02   2.6340996e+02   2.6577527e+02   2.5750265e+02   2.9192823e+02   2.5191944e+02   3.1929944e+02   2.4573124e+02   3.4766265e+02   2.3972625e+02   3.7725533e+02
   2.7228925e+02   1.0811226e+02   2.6740576e+02   1.2705490e+02   2.6252266e+02   1.4694224e+02   2.5719910e+02   1.6772922e+02   2.5212985e+02   1.8946055e+02   2.4637229e+02   2.1219350e+02   2.4048451e+02   2.3579676e+02   2.3435232e+02   2.6073036e+02   2.2822508e+02   2.8674164e+02   2.2169916e+02   3.1384623e+02   2.1536842e+02   3.4195881e+02   2.0815139e+02   3.7139293e+02
   2.4742943e+02   1.0441965e+02   2.4209938e+02   1.2329944e+02   2.3655712e+02   1.4293660e+02   2.3068736e+02   1.6354845e+02   2.2497948e+02   1.8504099e+02   2.1882177e+02   2.0761531e+02   2.1231960e+02   2.3098804e+02   2.0567460e+02   2.5580707e+02   1.9870474e+02   2.8164385e+02   1.9207775e+02   3.0835204e+02   1.8463868e+02   3.3638057e+02   1.7741958e+02   3.6556508e+02
   2.2312169e+02   1.0071842e+02   2.1719337e+02   1.1951802e+02   2.1116129e+02   1.3896043e+02   2.0455514e+02   1.5942825e+02   1.9843176e+02   1.8068945e+02   1.9162917e+02   2.0314406e+02   1.8478500e+02   2.2627297e+02   1.7737643e+02   2.5083962e+02   1.7014703e+02   2.7640630e+02   1.6248529e+02   3.0292522e+02   1.5461120e+02   3.3070844e+02   1.4664136e+02   3.5956512e+02
   1.9868462e+02   9.7338420e+01   1.9242193e+02   1.1585409e+02   1.8579956e+02   1.3525069e+02   1.7910611e+02   1.5546615e+02   1.7192930e+02   1.7656898e+02   1.6509233e+02   1.9872612e+02   1.5726737e+02   2.2179022e+02   1.4954191e+02   2.4589886e+02   1.4153989e+02   2.7132981e+02   1.3356800e+02   2.9761520e+02   1.2512311e+02   3.2493401e+02   1.1680252e+02   3.5359464e+02
