   5.5165127e+02   1.9723889e+02   5.3711103e+02   2.3632130e+02   5.2431252e+02   2.6978233e+02   5.1249077e+02   3.0009946e+02   5.0199813e+02   3.2633889e+02   4.9231642e+02   3.5031961e+02   4.8343751e+02   3.7139453e+02   4.7550123e+02   3.9051835e+02   4.6829689e+02   4.0750632e+02   4.6158596e+02   4.2324956e+02   4.5548666e+02   4.3738493e+02   4.4979490e+02   4.5062152e+02
   4.9652463e+02   1.7669110e+02   4.8587485e+02   2.1528452e+02   4.7619967e+02   2.5028539e+02   4.6742349e+02   2.8065908e+02   4.5949424e+02   3.0814411e+02   4.5214091e+02   3.3236444e+02   4.4549100e+02   3.5452298e+02   4.3946246e+02   3.7383580e+02   4.3404704e+02   3.9179753e+02   4.2884979e+02   4.0777473e+02   4.2427384e+02   4.2277574e+02   4.2002394e+02   4.3620078e+02
   4.4320227e+02   1.5600320e+02   4.3586612e+02   1.9611060e+02   4.2948900e+02   2.3108479e+02   4.2363857e+02   2.6246649e+02   4.1792989e+02   2.9001004e+02   4.1328870e+02   3.1518515e+02   4.0844725e+02   3.3760585e+02   4.0451830e+02   3.5792931e+02   4.0051076e+02   3.7610695e+02   3.9720692e+02   3.9298852e+02   3.9382502e+02   4.0823772e+02   3.9094275e+02   4.2231714e+02
   3.9141617e+02   1.3763108e+02   3.8750676e+02   1.7715096e+02   3.8404650e+02   2.1283380e+02   3.8053906e+02   2.4442408e+02   3.7762475e+02   2.7282169e+02   3.7470754e+02   2.9816622e+02   3.7218567e+02   3.2124241e+02   3.6964991e+02   3.4166542e+02   3.6765530e+02   3.6078227e+02   3.6547845e+02   3.7772515e+02   3.6385826e+02   3.9367992e+02   3.6201025e+02   4.0801555e+02
   3.4222454e+02   1.1984155e+02   3.4122277e+02   1.5984656e+02   3.4011666e+02   1.9524120e+02   3.3952593e+02   2.2726811e+02   3.3859436e+02   2.5571812e+02   3.3786301e+02   2.8166913e+02   3.3675058e+02   3.0500384e+02   3.3636293e+02   3.2630969e+02   3.3553319e+02   3.4541639e+02   3.3524162e+02   3.6322431e+02   3.3447308e+02   3.7914715e+02   3.3413325e+02   3.9431731e+02
   2.9565294e+02   1.0377145e+02   2.9726639e+02   1.4318259e+02   2.9864812e+02   1.7885660e+02   2.9995806e+02   2.1058620e+02   3.0121683e+02   2.3958459e+02   3.0205279e+02   2.6560227e+02   3.0292312e+02   2.8950580e+02   3.0368606e+02   3.1083595e+02   3.0467899e+02   3.3060220e+02   3.0531888e+02   3.4855588e+02   3.0615567e+02   3.6537819e+02   3.0654695e+02   3.8038398e+02
   2.5177878e+02   8.8795450e+01   2.5542519e+02   1.2787529e+02   2.5883179e+02   1.6317915e+02   2.6195760e+02   1.9503355e+02   2.6494797e+02   2.2387494e+02   2.6781834e+02   2.5029661e+02   2.7008565e+02   2.7424148e+02   2.7250069e+02   2.9613068e+02   2.7442579e+02   3.1595930e+02   2.7659958e+02   3.3448388e+02   2.7813398e+02   3.5111883e+02   2.8013061e+02   3.6701507e+02
   2.1068081e+02   7.5303798e+01   2.1627569e+02   1.1372310e+02   2.2159260e+02   1.4851792e+02   2.2625177e+02   1.8005733e+02   2.3094217e+02   2.0911237e+02   2.3491733e+02   2.3544420e+02   2.3879089e+02   2.5963460e+02   2.4224336e+02   2.8154461e+02   2.4558974e+02   3.0192154e+02   2.4855240e+02   3.2053021e+02   2.5157902e+02   3.3776182e+02   2.5404267e+02   3.5365788e+02
   1.7268952e+02   6.3161927e+01   1.7962448e+02   1.0044434e+02   1.8628268e+02   1.3497861e+02   1.9250287e+02   1.6622915e+02   1.9807435e+02   1.9496809e+02   2.0381517e+02   2.2135468e+02   2.0850839e+02   2.4545977e+02   2.1349986e+02   2.6767104e+02   2.1763975e+02   2.8809704e+02   2.2193598e+02   3.0710442e+02   2.2557223e+02   3.2445581e+02   2.2931903e+02   3.4085630e+02
   1.3706422e+02   5.1404296e+01   1.4559190e+02   8.8411951e+01   1.5340443e+02   1.2210142e+02   1.6068658e+02   1.5323074e+02   1.6765969e+02   1.8167688e+02   1.7417698e+02   2.0783751e+02   1.8012251e+02   2.3214654e+02   1.8575618e+02   2.5428928e+02   1.9115915e+02   2.7492302e+02   1.9579335e+02   2.9378002e+02   2.0077011e+02   3.1160100e+02   2.0513876e+02   3.2813775e+02
   1.0433137e+02   4.1363231e+01   1.1345878e+02   7.6811903e+01   1.2254618e+02   1.1042249e+02   1.3073557e+02   1.4065149e+02   1.3835920e+02   1.6887788e+02   1.4583187e+02   1.9494737e+02   1.5270672e+02   2.1918879e+02   1.5941641e+02   2.4131881e+02   1.6534310e+02   2.6186608e+02   1.7133609e+02   2.8123500e+02   1.7654023e+02   2.9884929e+02   1.8190854e+02   3.1578709e+02
   7.3565749e+01   3.1308117e+01   8.4187478e+01   6.6994434e+01   9.3499607e+01   9.9057755e+01   1.0275142e+02   1.2935324e+02   1.1132085e+02   1.5698029e+02   1.1946750e+02   1.8289176e+02   1.2713046e+02   2.0681249e+02   1.3449409e+02   2.2906657e+02   1.4123948e+02   2.4969338e+02   1.4760005e+02   2.6889076e+02   1.5378926e+02   2.8688853e+02   1.5931337e+02   3.0360803e+02
   4.5629661e+01   2.3265339e+01   5.6142971e+01   5.6856461e+01   6.6542409e+01   8.8937209e+01   7.6246099e+01   1.1838052e+02   8.5605887e+01   1.4610164e+02   9.4475283e+01   1.7120527e+02   1.0231583e+02   1.9524446e+02   1.1040795e+02   2.1705010e+02   1.1791734e+02   2.3794410e+02   1.2502877e+02   2.5718240e+02   1.3143954e+02   2.7500342e+02   1.3794169e+02   2.9214832e+02
