   5.6274513e+02   8.6364485e+01   5.6278944e+02   1.0699285e+02   5.6258192e+02   1.2795204e+02   5.6247505e+02   1.5113849e+02   5.6171048e+02   1.7472046e+02   5.6126702e+02   2.0132685e+02   5.6000072e+02   2.2797103e+02   5.5888355e+02   2.5815080e+02   5.5714373e+02   2.8889266e+02   5.5542875e+02   3.2255116e+02   5.5271432e+02   3.5758341e+02   5.5010176e+02   3.9547400e+02
   5.3307902e+02   8.8679161e+01   5.3203745e+02   1.0820938e+02   5.3093332e+02   1.2986446e+02   5.2977380e+02   1.5195671e+02   5.2836741e+02   1.7629447e+02   5.2654375e+02   2.0143734e+02   5.2442370e+02   2.2882757e+02   5.2195136e+02   2.5761992e+02   5.1941248e+02   2.8870200e+02   5.1595978e+02   3.2115425e+02   5.1259346e+02   3.5609673e+02   5.0816540e+02   3.9263935e+02
   5.0389009e+02   9.0189937e+01   5.0218597e+02   1.1036853e+02   5.0016643e+02   1.3104822e+02   4.9789419e+02   1.5361762e+02   4.9563121e+02   1.7696068e+02   4.9286175e+02   2.0246469e+02   4.8967224e+02   2.2880068e+02   4.8637377e+02   2.5774721e+02   4.8236578e+02   2.8780620e+02   4.7841521e+02   3.1995924e+02   4.7327535e+02   3.5400689e+02   4.6841756e+02   3.9019426e+02
   4.7523846e+02   9.2513477e+01   4.7257521e+02   1.1184832e+02   4.6979077e+02   1.3288190e+02   4.6661254e+02   1.5464315e+02   4.6355879e+02   1.7830466e+02   4.5963661e+02   2.0285423e+02   4.5559464e+02   2.2944688e+02   4.5111548e+02   2.5752697e+02   4.4647066e+02   2.8730370e+02   4.4079841e+02   3.1861879e+02   4.3525182e+02   3.5218533e+02   4.2872165e+02   3.8745754e+02
   4.4726264e+02   9.4387887e+01   4.4369174e+02   1.1405772e+02   4.4031446e+02   1.3444144e+02   4.3618320e+02   1.5637115e+02   4.3220349e+02   1.7931958e+02   4.2763946e+02   2.0382995e+02   4.2237675e+02   2.2961328e+02   4.1727924e+02   2.5744873e+02   4.1132887e+02   2.8642408e+02   4.0526331e+02   3.1747535e+02   3.9825187e+02   3.4995778e+02   3.9124621e+02   3.8451964e+02
   4.1977285e+02   9.6753974e+01   4.1561521e+02   1.1585377e+02   4.1146963e+02   1.3628891e+02   4.0651500e+02   1.5764325e+02   4.0183009e+02   1.8044014e+02   3.9634162e+02   2.0450713e+02   3.9041314e+02   2.3002850e+02   3.8405224e+02   2.5728880e+02   3.7766522e+02   2.8577166e+02   3.7041127e+02   3.1591423e+02   3.6307225e+02   3.4791988e+02   3.5454301e+02   3.8163263e+02
   3.9306941e+02   9.8867718e+01   3.8831085e+02   1.1810155e+02   3.8331792e+02   1.3797051e+02   3.7764510e+02   1.5932830e+02   3.7228116e+02   1.8165663e+02   3.6613715e+02   2.0544490e+02   3.5927516e+02   2.3034975e+02   3.5251786e+02   2.5719130e+02   3.4490721e+02   2.8509608e+02   3.3733785e+02   3.1459104e+02   3.2869537e+02   3.4569925e+02   3.2014532e+02   3.7854710e+02
   3.6714037e+02   1.0132233e+02   3.6173489e+02   1.2004199e+02   3.5619090e+02   1.3990893e+02   3.4969750e+02   1.6075497e+02   3.4375695e+02   1.8285302e+02   3.3671664e+02   2.0621291e+02   3.2949335e+02   2.3070229e+02   3.2171725e+02   2.5688792e+02   3.1381536e+02   2.8429550e+02   3.0514935e+02   3.1320082e+02   2.9638120e+02   3.4364038e+02   2.8664879e+02   3.7553525e+02
   3.4188281e+02   1.0368831e+02   3.3593193e+02   1.2230248e+02   3.2965224e+02   1.4182432e+02   3.2292583e+02   1.6237297e+02   3.1606377e+02   1.8403621e+02   3.0867130e+02   2.0715378e+02   3.0060579e+02   2.3121702e+02   2.9260159e+02   2.5674265e+02   2.8367898e+02   2.8364591e+02   2.7480723e+02   3.1179055e+02   2.6516815e+02   3.4145908e+02   2.5536593e+02   3.7242231e+02
   3.1763081e+02   1.0610949e+02   3.1106732e+02   1.2446073e+02   3.0441658e+02   1.4377501e+02   2.9697227e+02   1.6405095e+02   2.8972265e+02   1.8545251e+02   2.8163048e+02   2.0784540e+02   2.7316340e+02   2.3158544e+02   2.6436698e+02   2.5651231e+02   2.5536360e+02   2.8282745e+02   2.4560199e+02   3.1022885e+02   2.3578270e+02   3.3934525e+02   2.2506729e+02   3.6950530e+02
   2.9394394e+02   1.0856274e+02   2.8691087e+02   1.2666725e+02   2.7963003e+02   1.4568834e+02   2.7188686e+02   1.6571000e+02   2.6397272e+02   1.8663883e+02   2.5563296e+02   2.0868749e+02   2.4663410e+02   2.3182197e+02   2.3758064e+02   2.5635637e+02   2.2778063e+02   2.8202155e+02   2.1799866e+02   3.0885989e+02   2.0749395e+02   3.3698323e+02   1.9681378e+02   3.6639331e+02
   2.7132866e+02   1.1089743e+02   2.6380260e+02   1.2879391e+02   2.5620187e+02   1.4762022e+02   2.4789220e+02   1.6734827e+02   2.3973955e+02   1.8786723e+02   2.3079890e+02   2.0964265e+02   2.2155712e+02   2.3214374e+02   2.1199451e+02   2.5621895e+02   2.0199485e+02   2.8142586e+02   1.9158646e+02   3.0750611e+02   1.8089710e+02   3.3479001e+02   1.6961669e+02   3.6348227e+02
   2.4925349e+02   1.1340979e+02   2.4151188e+02   1.3105388e+02   2.3337487e+02   1.4957063e+02   2.2482943e+02   1.6882113e+02   2.1619177e+02   1.8921060e+02   2.0733190e+02   2.1036909e+02   1.9731244e+02   2.3255426e+02   1.8746777e+02   2.5594684e+02   1.7721439e+02   2.8050921e+02   1.6673191e+02   3.0590872e+02   1.5532603e+02   3.3262454e+02   1.4436562e+02   3.6048298e+02
