   4.4863948e+02   2.3247054e+02   4.4745230e+02   2.4645571e+02   4.4610811e+02   2.6143505e+02   4.4461377e+02   2.7701821e+02   4.4304799e+02   2.9371195e+02   4.4138038e+02   3.1169022e+02   4.3958158e+02   3.3039478e+02   4.3747956e+02   3.5079436e+02   4.3505724e+02   3.7218533e+02   4.3267207e+02   3.9539984e+02   4.2960234e+02   4.1971382e+02   4.2677199e+02   4.4644714e+02
   4.3179023e+02   2.1762255e+02   4.3008167e+02   2.3155373e+02   4.2824165e+02   2.4606249e+02   4.2627155e+02   2.6160666e+02   4.2411232e+02   2.7813897e+02   4.2165679e+02   2.9554115e+02   4.1932726e+02   3.1433293e+02   4.1643777e+02   3.3426382e+02   4.1353943e+02   3.5583132e+02   4.1004121e+02   3.7841861e+02   4.0663561e+02   4.0320289e+02   4.0252620e+02   4.2919011e+02
   4.1457315e+02   2.0300814e+02   4.1240370e+02   2.1631284e+02   4.0988701e+02   2.3065712e+02   4.0742870e+02   2.4572861e+02   4.0456366e+02   2.6199301e+02   4.0165840e+02   2.7931917e+02   3.9848402e+02   2.9756195e+02   3.9491262e+02   3.1754370e+02   3.9109047e+02   3.3864463e+02   3.8707407e+02   3.6128732e+02   3.8245048e+02   3.8549283e+02   3.7777676e+02   4.1192038e+02
   3.9682703e+02   1.8754685e+02   3.9412673e+02   2.0089118e+02   3.9113937e+02   2.1471213e+02   3.8785948e+02   2.2959351e+02   3.8452762e+02   2.4539927e+02   3.8077720e+02   2.6234590e+02   3.7680330e+02   2.8044118e+02   3.7245193e+02   2.9990413e+02   3.6787473e+02   3.2075844e+02   3.6275677e+02   3.4312678e+02   3.5748546e+02   3.6734651e+02   3.5143659e+02   3.9316379e+02
   3.7872722e+02   1.7228656e+02   3.7540325e+02   1.8487819e+02   3.7177424e+02   1.9871552e+02   3.6794679e+02   2.1305565e+02   3.6381711e+02   2.2853874e+02   3.5947217e+02   2.4503671e+02   3.5466384e+02   2.6273391e+02   3.4945041e+02   2.8188160e+02   3.4385307e+02   3.0236078e+02   3.3805935e+02   3.2454761e+02   3.3143876e+02   3.4820981e+02   3.2453330e+02   3.7410677e+02
   3.6015784e+02   1.5654541e+02   3.5615479e+02   1.6905222e+02   3.5206732e+02   1.8217778e+02   3.4753836e+02   1.9629651e+02   3.4265509e+02   2.1120791e+02   3.3752924e+02   2.2740890e+02   3.3191352e+02   2.4461649e+02   3.2565831e+02   2.6329445e+02   3.1928190e+02   2.8337996e+02   3.1217396e+02   3.0507360e+02   3.0469965e+02   3.2856107e+02   2.9626533e+02   3.5377772e+02
   3.4139576e+02   1.4075137e+02   3.3675059e+02   1.5253261e+02   3.3166374e+02   1.6554290e+02   3.2659833e+02   1.7894590e+02   3.2102350e+02   1.9369765e+02   3.1506232e+02   2.0928263e+02   3.0850934e+02   2.2607287e+02   3.0148162e+02   2.4432774e+02   2.9384421e+02   2.6388494e+02   2.8574001e+02   2.8507418e+02   2.7691692e+02   3.0796204e+02   2.6757446e+02   3.3290870e+02
   3.2232978e+02   1.2460864e+02   3.1697050e+02   1.3629116e+02   3.1137285e+02   1.4849540e+02   3.0511928e+02   1.6171740e+02   2.9906404e+02   1.7558091e+02   2.9203344e+02   1.9105582e+02   2.8463483e+02   2.0698432e+02   2.7658606e+02   2.2485472e+02   2.6796815e+02   2.4382631e+02   2.5857107e+02   2.6446732e+02   2.4862527e+02   2.8682253e+02   2.3763654e+02   3.1125008e+02
   3.0276655e+02   1.0868476e+02   2.9676344e+02   1.1957574e+02   2.9045391e+02   1.3160773e+02   2.8368727e+02   1.4402550e+02   2.7628472e+02   1.5767847e+02   2.6857947e+02   1.7223535e+02   2.6033244e+02   1.8784061e+02   2.5118244e+02   2.0491493e+02   2.4148311e+02   2.2339449e+02   2.3107169e+02   2.4339889e+02   2.1951100e+02   2.6520300e+02   2.0737439e+02   2.8891092e+02
   2.8314680e+02   9.2360766e+01   2.7647021e+02   1.0317021e+02   2.6934123e+02   1.1424351e+02   2.6171953e+02   1.2652332e+02   2.5365987e+02   1.3930377e+02   2.4491681e+02   1.5345754e+02   2.3549010e+02   1.6829215e+02   2.2546772e+02   1.8499330e+02   2.1460212e+02   2.0262828e+02   2.0287585e+02   2.2201784e+02   1.9017697e+02   2.4295526e+02   1.7625042e+02   2.6596685e+02
   2.6315027e+02   7.6279253e+01   2.5566522e+02   8.6101150e+01   2.4777634e+02   9.7142233e+01   2.3947481e+02   1.0841822e+02   2.3050783e+02   1.2104942e+02   2.2104513e+02   1.3428836e+02   2.1048517e+02   1.4865692e+02   1.9917170e+02   1.6442397e+02   1.8725666e+02   1.8157046e+02   1.7434042e+02   2.0003844e+02   1.6025273e+02   2.2042297e+02   1.4499936e+02   2.4260998e+02
   2.4306526e+02   5.9773830e+01   2.3484589e+02   6.9573796e+01   2.2634813e+02   7.9535561e+01   2.1710990e+02   9.0773831e+01   2.0740799e+02   1.0239934e+02   1.9663643e+02   1.1529137e+02   1.8551290e+02   1.2877532e+02   1.7299547e+02   1.4403712e+02   1.5964749e+02   1.6024690e+02   1.4560750e+02   1.7809470e+02   1.3028765e+02   1.9744412e+02   1.1339135e+02   2.1885818e+02
   2.2263553e+02   4.3647222e+01   2.1396313e+02   5.2471210e+01   2.0450585e+02   6.2490763e+01   1.9467265e+02   7.2531614e+01   1.8377321e+02   8.4022418e+01   1.7266234e+02   9.5990792e+01   1.5994367e+02   1.0914752e+02   1.4657128e+02   1.2321483e+02   1.3216194e+02   1.3898115e+02   1.1672508e+02   1.5575174e+02   9.9751870e+01   1.7440769e+02   8.1770147e+01   1.9469885e+02
