   4.9856571e+02   9.3425808e+01   4.9053083e+02   1.2059903e+02   4.8310611e+02   1.4673239e+02   4.7558658e+02   1.7181701e+02   4.6826222e+02   1.9625907e+02   4.6115769e+02   2.1968932e+02   4.5420617e+02   2.4250126e+02   4.4709177e+02   2.6423139e+02   4.4048728e+02   2.8498999e+02   4.3403582e+02   3.0523425e+02   4.2759280e+02   3.2461002e+02   4.2167089e+02   3.4298328e+02
   4.8085230e+02   9.5211173e+01   4.7308898e+02   1.2273501e+02   4.6551748e+02   1.4978155e+02   4.5818658e+02   1.7566931e+02   4.5085922e+02   2.0072440e+02   4.4366705e+02   2.2481386e+02   4.3702238e+02   2.4803750e+02   4.2997506e+02   2.7031742e+02   4.2356371e+02   2.9152576e+02   4.1713085e+02   3.1213483e+02   4.1112547e+02   3.3169144e+02   4.0498452e+02   3.5059190e+02
   4.6236458e+02   9.6469544e+01   4.5448635e+02   1.2552189e+02   4.4715780e+02   1.5313970e+02   4.3973630e+02   1.7986437e+02   4.3254891e+02   2.0546456e+02   4.2557658e+02   2.3021957e+02   4.1888595e+02   2.5398773e+02   4.1229062e+02   2.7661548e+02   4.0574901e+02   2.9844850e+02   3.9972701e+02   3.1917020e+02   3.9361438e+02   3.3919048e+02   3.8814513e+02   3.5810858e+02
   4.4213790e+02   9.8556119e+01   4.3451515e+02   1.2816858e+02   4.2741358e+02   1.5673920e+02   4.2011117e+02   1.8429230e+02   4.1307242e+02   2.1064558e+02   4.0603198e+02   2.3586804e+02   3.9976565e+02   2.6024554e+02   3.9311814e+02   2.8341614e+02   3.8707911e+02   3.0550848e+02   3.8102220e+02   3.2667234e+02   3.7548636e+02   3.4677101e+02   3.6968821e+02   3.6629130e+02
   4.2079614e+02   1.0048393e+02   4.1312693e+02   1.3129423e+02   4.0613281e+02   1.6066339e+02   3.9913488e+02   1.8904531e+02   3.9224251e+02   2.1601791e+02   3.8575765e+02   2.4188551e+02   3.7930305e+02   2.6678415e+02   3.7320410e+02   2.9043182e+02   3.6730383e+02   3.1291201e+02   3.6169024e+02   3.3442318e+02   3.5611293e+02   3.5498364e+02   3.5113652e+02   3.7448356e+02
   3.9766580e+02   1.0284477e+02   3.9035978e+02   1.3446133e+02   3.8348938e+02   1.6493805e+02   3.7663903e+02   1.9396199e+02   3.7029269e+02   2.2181562e+02   3.6385036e+02   2.4840604e+02   3.5785580e+02   2.7374557e+02   3.5180848e+02   2.9784092e+02   3.4649338e+02   3.2070564e+02   3.4103203e+02   3.4257835e+02   3.3605493e+02   3.6339719e+02   3.3097503e+02   3.8319257e+02
   3.7282370e+02   1.0523630e+02   3.6580754e+02   1.3823653e+02   3.5921992e+02   1.6947212e+02   3.5277667e+02   1.9945810e+02   3.4654211e+02   2.2802388e+02   3.4080910e+02   2.5518090e+02   3.3503006e+02   2.8108286e+02   3.2969029e+02   3.0555847e+02   3.2438920e+02   3.2894340e+02   3.1963003e+02   3.5096435e+02   3.1474079e+02   3.7213727e+02   3.1041616e+02   3.9194331e+02
   3.4622815e+02   1.0828381e+02   3.3960781e+02   1.4208643e+02   3.3342546e+02   1.7446268e+02   3.2739216e+02   2.0522495e+02   3.2158988e+02   2.3456489e+02   3.1610617e+02   2.6241004e+02   3.1113161e+02   2.8877637e+02   3.0581432e+02   3.1376530e+02   3.0130948e+02   3.3746559e+02   2.9669512e+02   3.5985785e+02   2.9267594e+02   3.8109436e+02   2.8841786e+02   4.0137192e+02
   3.1762834e+02   1.1131291e+02   3.1140594e+02   1.4649728e+02   3.0561840e+02   1.7973732e+02   3.0028122e+02   2.1145248e+02   2.9498268e+02   2.4147853e+02   2.9008102e+02   2.6988628e+02   2.8536894e+02   2.9687079e+02   2.8101194e+02   3.2232934e+02   2.7666072e+02   3.4649856e+02   2.7304141e+02   3.6903844e+02   2.6914558e+02   3.9072544e+02   2.6582987e+02   4.1092205e+02
   2.8714808e+02   1.1496770e+02   2.8144720e+02   1.5108841e+02   2.7633522e+02   1.8550408e+02   2.7136166e+02   2.1795891e+02   2.6702026e+02   2.4878713e+02   2.6255054e+02   2.7783757e+02   2.5860749e+02   3.0537732e+02   2.5456499e+02   3.3119935e+02   2.5130036e+02   3.5557115e+02   2.4767961e+02   3.7869477e+02   2.4477334e+02   4.0037206e+02   2.4173345e+02   4.2089011e+02
   2.5388858e+02   1.1884687e+02   2.4923624e+02   1.5631145e+02   2.4453814e+02   1.9164109e+02   2.4060207e+02   2.2502030e+02   2.3666357e+02   2.5662979e+02   2.3328512e+02   2.8633688e+02   2.2991320e+02   3.1433864e+02   2.2697967e+02   3.4053992e+02   2.2388744e+02   3.6533629e+02   2.2164825e+02   3.8852762e+02   2.1899051e+02   4.1051410e+02   2.1713121e+02   4.3096362e+02
   2.1878728e+02   1.2320974e+02   2.1486936e+02   1.6182005e+02   2.1134469e+02   1.9829803e+02   2.0784550e+02   2.3255828e+02   2.0523055e+02   2.6468590e+02   2.0240348e+02   2.9508978e+02   2.0022690e+02   3.2351370e+02   1.9766706e+02   3.5019876e+02   1.9606969e+02   3.7515635e+02   1.9387242e+02   3.9873535e+02   1.9255716e+02   4.2070755e+02   1.9069716e+02   4.4149827e+02
   1.8096881e+02   1.2838927e+02   1.7826550e+02   1.6801229e+02   1.7559652e+02   2.0543130e+02   1.7361491e+02   2.4056215e+02   1.7148184e+02   2.7343355e+02   1.7010550e+02   3.0432608e+02   1.6841320e+02   3.3335471e+02   1.6746358e+02   3.6024903e+02   1.6613616e+02   3.8555769e+02   1.6549252e+02   4.0917618e+02   1.6446279e+02   4.3147000e+02   1.6399724e+02   4.5233622e+02
