   5.3796186e+02   1.1535104e+02   5.3042160e+02   1.4561378e+02   5.2328205e+02   1.7433120e+02   5.1591246e+02   2.0269729e+02   5.0862456e+02   2.2971807e+02   5.0161278e+02   2.5631455e+02   4.9449217e+02   2.8161104e+02   4.8768294e+02   3.0597804e+02   4.8071301e+02   3.2952451e+02   4.7418647e+02   3.5207123e+02   4.6760838e+02   3.7373584e+02   4.6141957e+02   3.9455074e+02
   5.0957579e+02   1.1159228e+02   5.0246659e+02   1.4185714e+02   4.9553547e+02   1.7163096e+02   4.8857350e+02   1.9993772e+02   4.8159382e+02   2.2779964e+02   4.7483886e+02   2.5436957e+02   4.6833621e+02   2.8025656e+02   4.6164274e+02   3.0493105e+02   4.5536830e+02   3.2877466e+02   4.4892716e+02   3.5161062e+02   4.4292179e+02   3.7358066e+02   4.3681308e+02   3.9444303e+02
   4.8043625e+02   1.0734403e+02   4.7363105e+02   1.3866150e+02   4.6702533e+02   1.6846285e+02   4.6049385e+02   1.9771273e+02   4.5391302e+02   2.2565021e+02   4.4773453e+02   2.5273314e+02   4.4134295e+02   2.7876867e+02   4.3531723e+02   3.0390000e+02   4.2918049e+02   3.2780092e+02   4.2348033e+02   3.5104717e+02   4.1762112e+02   3.7316161e+02   4.1236715e+02   3.9427748e+02
   4.4995864e+02   1.0374605e+02   4.4366222e+02   1.3496592e+02   4.3756215e+02   1.6570201e+02   4.3142798e+02   1.9507672e+02   4.2541660e+02   2.2355689e+02   4.1940071e+02   2.5085870e+02   4.1364362e+02   2.7746819e+02   4.0782881e+02   3.0264152e+02   4.0246895e+02   3.2706190e+02   3.9687123e+02   3.5016380e+02   3.9188861e+02   3.7255828e+02   3.8659975e+02   3.9388739e+02
   4.1892897e+02   9.9740853e+01   4.1294673e+02   1.3183858e+02   4.0728797e+02   1.6262207e+02   4.0161917e+02   1.9251987e+02   3.9589580e+02   2.2128826e+02   3.9058038e+02   2.4915293e+02   3.8511635e+02   2.7577292e+02   3.8000828e+02   3.0147151e+02   3.7491035e+02   3.2589412e+02   3.7019971e+02   3.4953488e+02   3.6540923e+02   3.7185463e+02   3.6090266e+02   3.9362750e+02
   3.8693526e+02   9.6292173e+01   3.8143471e+02   1.2841274e+02   3.7628573e+02   1.5982747e+02   3.7090488e+02   1.8991641e+02   3.6599369e+02   2.1916768e+02   3.6098809e+02   2.4724358e+02   3.5615021e+02   2.7416609e+02   3.5145217e+02   2.9997681e+02   3.4719047e+02   3.2475379e+02   3.4264829e+02   3.4846293e+02   3.3861040e+02   3.7141222e+02   3.3439145e+02   3.9300478e+02
   3.5407288e+02   9.2497683e+01   3.4912721e+02   1.2528491e+02   3.4435319e+02   1.5680029e+02   3.3971784e+02   1.8746225e+02   3.3511404e+02   2.1681795e+02   3.3087428e+02   2.4535276e+02   3.2637356e+02   2.7244634e+02   3.2248694e+02   2.9854400e+02   3.1852085e+02   3.2363607e+02   3.1486813e+02   3.4764305e+02   3.1107566e+02   3.7034556e+02   3.0778608e+02   3.9229357e+02
   3.2062968e+02   8.9128007e+01   3.1613485e+02   1.2210678e+02   3.1200202e+02   1.5417314e+02   3.0778407e+02   1.8485485e+02   3.0408384e+02   2.1461651e+02   3.0015924e+02   2.4335687e+02   2.9643981e+02   2.7070659e+02   2.9283722e+02   2.9704549e+02   2.8974024e+02   3.2229711e+02   2.8646118e+02   3.4634924e+02   2.8357340e+02   3.6949772e+02   2.8048069e+02   3.9156125e+02
   2.8661443e+02   8.5818895e+01   2.8267196e+02   1.1912410e+02   2.7909583e+02   1.5138723e+02   2.7560921e+02   1.8243461e+02   2.7210743e+02   2.1239860e+02   2.6911371e+02   2.4133745e+02   2.6579381e+02   2.6889934e+02   2.6318833e+02   2.9554100e+02   2.6035692e+02   3.2075842e+02   2.5797515e+02   3.4517022e+02   2.5538222e+02   3.6825575e+02   2.5325840e+02   3.9047658e+02
   2.5221899e+02   8.2768619e+01   2.4896967e+02   1.1639363e+02   2.4599194e+02   1.4877749e+02   2.4283116e+02   1.7995467e+02   2.4031706e+02   2.1021952e+02   2.3759477e+02   2.3921633e+02   2.3518142e+02   2.6717742e+02   2.3278039e+02   2.9373543e+02   2.3107856e+02   3.1942126e+02   2.2888873e+02   3.4374836e+02   2.2731540e+02   3.6709472e+02   2.2539659e+02   3.8946591e+02
   2.1733785e+02   7.9725212e+01   2.1481580e+02   1.1350396e+02   2.1211776e+02   1.4620749e+02   2.0993140e+02   1.7757857e+02   2.0779127e+02   2.0793100e+02   2.0580760e+02   2.3714417e+02   2.0404165e+02   2.6513116e+02   2.0255840e+02   2.9189227e+02   2.0110299e+02   3.1772504e+02   2.0003401e+02   3.4212886e+02   1.9856621e+02   3.6557968e+02   1.9769973e+02   3.8798954e+02
   1.8263938e+02   7.6906436e+01   1.8064945e+02   1.1084828e+02   1.7862167e+02   1.4363268e+02   1.7695034e+02   1.7524206e+02   1.7562557e+02   2.0566260e+02   1.7411498e+02   2.3505712e+02   1.7323518e+02   2.6318191e+02   1.7215845e+02   2.8995226e+02   1.7163237e+02   3.1583346e+02   1.7074777e+02   3.4042062e+02   1.7044187e+02   3.6399657e+02   1.6972163e+02   3.8645725e+02
   1.4776082e+02   7.4457121e+01   1.4638990e+02   1.0849611e+02   1.4489087e+02   1.4129648e+02   1.4404800e+02   1.7293579e+02   1.4319685e+02   2.0352847e+02   1.4257207e+02   2.3281139e+02   1.4187731e+02   2.6118877e+02   1.4178891e+02   2.8808036e+02   1.4161068e+02   3.1397433e+02   1.4169692e+02   3.3863784e+02   1.4156377e+02   3.6234800e+02   1.4188583e+02   3.8504497e+02
