   5.2785957e+02   1.0428740e+02   5.2043907e+02   1.3299005e+02   5.1327716e+02   1.6025905e+02   5.0605369e+02   1.8705840e+02   4.9904747e+02   2.1250425e+02   4.9190897e+02   2.3772723e+02   4.8518970e+02   2.6162468e+02   4.7847554e+02   2.8476102e+02   4.7179820e+02   3.0690397e+02   4.6548152e+02   3.2837287e+02   4.5899021e+02   3.4915801e+02   4.5304665e+02   3.6889230e+02
   4.9960772e+02   9.9926202e+01   4.9260312e+02   1.2828106e+02   4.8579138e+02   1.5644705e+02   4.7901986e+02   1.8311066e+02   4.7238520e+02   2.0935038e+02   4.6550558e+02   2.3437502e+02   4.5940332e+02   2.5874380e+02   4.5287246e+02   2.8198564e+02   4.4690770e+02   3.0455354e+02   4.4068388e+02   3.2609811e+02   4.3490578e+02   3.4720147e+02   4.2910075e+02   3.6690117e+02
   4.7113047e+02   9.4867430e+01   4.6435102e+02   1.2427259e+02   4.5800025e+02   1.5223089e+02   4.5159672e+02   1.7962036e+02   4.4534139e+02   2.0575671e+02   4.3903935e+02   2.3137602e+02   4.3315779e+02   2.5576137e+02   4.2724842e+02   2.7956524e+02   4.2149425e+02   3.0195061e+02   4.1601015e+02   3.2388049e+02   4.1045303e+02   3.4479352e+02   4.0529273e+02   3.6517271e+02
   4.4148827e+02   9.0612981e+01   4.3529993e+02   1.1974593e+02   4.2937350e+02   1.4839744e+02   4.2341364e+02   1.7577540e+02   4.1761168e+02   2.0240423e+02   4.1177898e+02   2.2803450e+02   4.0641857e+02   2.5284843e+02   4.0071229e+02   2.7656865e+02   3.9561731e+02   2.9958912e+02   3.9045335e+02   3.2150602e+02   3.8557300e+02   3.4256941e+02   3.8062901e+02   3.6286792e+02
   4.1162096e+02   8.5951579e+01   4.0587072e+02   1.1568198e+02   4.0029711e+02   1.4433698e+02   3.9486404e+02   1.7223221e+02   3.8943535e+02   1.9883768e+02   3.8436247e+02   2.2476961e+02   3.7919663e+02   2.4983732e+02   3.7417741e+02   2.7379962e+02   3.6937665e+02   2.9677192e+02   3.6482247e+02   3.1903069e+02   3.6026917e+02   3.4017680e+02   3.5603224e+02   3.6070751e+02
   3.8120625e+02   8.1755635e+01   3.7586085e+02   1.1147392e+02   3.7075613e+02   1.4059312e+02   3.6579150e+02   1.6839100e+02   3.6114885e+02   1.9555209e+02   3.5619470e+02   2.2162793e+02   3.5168961e+02   2.4666380e+02   3.4691621e+02   2.7080757e+02   3.4298934e+02   2.9410504e+02   3.3872033e+02   3.1635739e+02   3.3488719e+02   3.3788043e+02   3.3086684e+02   3.5837862e+02
   3.5030336e+02   7.7359815e+01   3.4553552e+02   1.0757680e+02   3.4084195e+02   1.3656457e+02   3.3650728e+02   1.6479487e+02   3.3211265e+02   1.9207075e+02   3.2791381e+02   2.1832516e+02   3.2382389e+02   2.4364837e+02   3.1983704e+02   2.6793917e+02   3.1611698e+02   2.9136472e+02   3.1267372e+02   3.1374557e+02   3.0900357e+02   3.3530360e+02   3.0580140e+02   3.5589327e+02
   3.1917524e+02   7.3395862e+01   3.1482770e+02   1.0362151e+02   3.1078192e+02   1.3301979e+02   3.0688486e+02   1.6124650e+02   3.0311999e+02   1.8867407e+02   2.9935704e+02   2.1507862e+02   2.9574670e+02   2.4049504e+02   2.9233856e+02   2.6486782e+02   2.8939621e+02   2.8839563e+02   2.8617965e+02   3.1094046e+02   2.8335497e+02   3.3260084e+02   2.8031335e+02   3.5348748e+02
   2.8773419e+02   6.9510077e+01   2.8403180e+02   9.9981258e+01   2.8036532e+02   1.2933027e+02   2.7713733e+02   1.5775153e+02   2.7373136e+02   1.8527762e+02   2.7071555e+02   2.1178240e+02   2.6741140e+02   2.3739628e+02   2.6487530e+02   2.6187530e+02   2.6209659e+02   2.8557459e+02   2.5981579e+02   3.0815253e+02   2.5721135e+02   3.2990215e+02   2.5508505e+02   3.5079497e+02
   2.5637725e+02   6.5940648e+01   2.5324276e+02   9.6352205e+01   2.5007950e+02   1.2585742e+02   2.4730875e+02   1.5437991e+02   2.4457964e+02   1.8189430e+02   2.4203511e+02   2.0854737e+02   2.3928204e+02   2.3420168e+02   2.3713103e+02   2.5877715e+02   2.3511537e+02   2.8253701e+02   2.3306134e+02   3.0535964e+02   2.3133791e+02   3.2717275e+02   2.2936210e+02   3.4803255e+02
   2.2492295e+02   6.2415778e+01   2.2227227e+02   9.2842640e+01   2.1955920e+02   1.2252399e+02   2.1742353e+02   1.5092024e+02   2.1515010e+02   1.7863796e+02   2.1321918e+02   2.0532495e+02   2.1091373e+02   2.3092765e+02   2.0958095e+02   2.5571394e+02   2.0774215e+02   2.7950143e+02   2.0660157e+02   3.0225302e+02   2.0517791e+02   3.2411226e+02   2.0415277e+02   3.4528560e+02
   1.9372161e+02   5.8982144e+01   1.9154322e+02   8.9604007e+01   1.8949766e+02   1.1912437e+02   1.8771049e+02   1.4777123e+02   1.8618723e+02   1.7540883e+02   1.8448407e+02   2.0208443e+02   1.8320429e+02   2.2782735e+02   1.8199052e+02   2.5244812e+02   1.8100361e+02   2.7638906e+02   1.8010166e+02   2.9923755e+02   1.7949594e+02   3.2122220e+02   1.7864297e+02   3.4221825e+02
   1.6262379e+02   5.5996501e+01   1.6095940e+02   8.6497032e+01   1.5943419e+02   1.1610869e+02   1.5827679e+02   1.4456817e+02   1.5707892e+02   1.7228863e+02   1.5639707e+02   1.9884947e+02   1.5516201e+02   2.2462475e+02   1.5472058e+02   2.4945489e+02   1.5394462e+02   2.7336597e+02   1.5387028e+02   2.9609026e+02   1.5350906e+02   3.1813665e+02   1.5349349e+02   3.3934567e+02
