   4.8642289e+02   7.6185226e+01   4.8028696e+02   1.0168731e+02   4.7432736e+02   1.2623891e+02   4.6854194e+02   1.5016282e+02   4.6278646e+02   1.7324259e+02   4.5716942e+02   1.9593366e+02   4.5131589e+02   2.1769386e+02   4.4586723e+02   2.3895129e+02   4.4052111e+02   2.5948454e+02   4.3534765e+02   2.7932354e+02   4.3021751e+02   2.9846643e+02   4.2524206e+02   3.1701708e+02
   4.6050538e+02   7.1948445e+01   4.5477407e+02   9.7093639e+01   4.4916381e+02   1.2212057e+02   4.4375565e+02   1.4608160e+02   4.3843953e+02   1.6955023e+02   4.3297077e+02   1.9224451e+02   4.2772369e+02   2.1434539e+02   4.2235968e+02   2.3570245e+02   4.1767583e+02   2.5624185e+02   4.1265194e+02   2.7627943e+02   4.0787405e+02   2.9566833e+02   4.0324972e+02   3.1421040e+02
   4.3463854e+02   6.7145318e+01   4.2930764e+02   9.3116890e+01   4.2383120e+02   1.1788760e+02   4.1884079e+02   1.4223959e+02   4.1374923e+02   1.6572618e+02   4.0909423e+02   1.8871658e+02   4.0397181e+02   2.1094229e+02   3.9904641e+02   2.3239876e+02   3.9453171e+02   2.5321253e+02   3.9017817e+02   2.7339361e+02   3.8558168e+02   2.9267537e+02   3.8144089e+02   3.1154975e+02
   4.0802726e+02   6.3065942e+01   4.0318220e+02   8.8727049e+01   3.9834355e+02   1.1407926e+02   3.9347389e+02   1.3838823e+02   3.8897726e+02   1.6212143e+02   3.8433405e+02   1.8509682e+02   3.7981347e+02   2.0757148e+02   3.7529947e+02   2.2910527e+02   3.7124668e+02   2.5005083e+02   3.6690634e+02   2.7009197e+02   3.6301784e+02   2.8977795e+02   3.5892353e+02   3.0853244e+02
   3.8164553e+02   5.8704242e+01   3.7687788e+02   8.4778170e+01   3.7242507e+02   1.1006275e+02   3.6811941e+02   1.3461819e+02   3.6379137e+02   1.5841061e+02   3.5972605e+02   1.8157612e+02   3.5544308e+02   2.0398788e+02   3.5153930e+02   2.2575783e+02   3.4768803e+02   2.4670702e+02   3.4391670e+02   2.6722404e+02   3.4023000e+02   2.8663645e+02   3.3688226e+02   3.0574895e+02
   3.5470125e+02   5.4768799e+01   3.5056449e+02   8.0766183e+01   3.4650119e+02   1.0625805e+02   3.4240924e+02   1.3076576e+02   3.3867423e+02   1.5479201e+02   3.3474205e+02   1.7808531e+02   3.3105419e+02   2.0057856e+02   3.2737682e+02   2.2243388e+02   3.2416360e+02   2.4356847e+02   3.2063566e+02   2.6388259e+02   3.1751268e+02   2.8366964e+02   3.1428886e+02   3.0264073e+02
   3.2772292e+02   5.0694217e+01   3.2386170e+02   7.7045181e+01   3.2021909e+02   1.0245753e+02   3.1658212e+02   1.2722034e+02   3.1317099e+02   1.5127911e+02   3.0986835e+02   1.7459068e+02   3.0643513e+02   1.9724211e+02   3.0333859e+02   2.1921152e+02   3.0021380e+02   2.4031535e+02   2.9750118e+02   2.6075776e+02   2.9451136e+02   2.8047867e+02   2.9204247e+02   2.9972733e+02
   3.0076733e+02   4.7113936e+01   2.9741632e+02   7.3243447e+01   2.9409406e+02   9.8889540e+01   2.9070145e+02   1.2361931e+02   2.8776692e+02   1.4775191e+02   2.8485519e+02   1.7117122e+02   2.8209248e+02   1.9380774e+02   2.7917024e+02   2.1582749e+02   2.7638957e+02   2.3711984e+02   2.7399846e+02   2.5764273e+02   2.7171553e+02   2.7750026e+02   2.6933264e+02   2.9660380e+02
   2.7381054e+02   4.3507101e+01   2.7068487e+02   6.9774696e+01   2.6776745e+02   9.5414298e+01   2.6505690e+02   1.2023292e+02   2.6236007e+02   1.4436934e+02   2.5996311e+02   1.6777691e+02   2.5740088e+02   1.9044146e+02   2.5513403e+02   2.1243374e+02   2.5255351e+02   2.3385981e+02   2.5079955e+02   2.5439147e+02   2.4871690e+02   2.7430800e+02   2.4688229e+02   2.9364115e+02
   2.4686073e+02   4.0170731e+01   2.4437030e+02   6.6494571e+01   2.4171156e+02   9.1999606e+01   2.3943699e+02   1.1686334e+02   2.3725751e+02   1.4108683e+02   2.3509656e+02   1.6448777e+02   2.3298165e+02   1.8725314e+02   2.3090257e+02   2.0926992e+02   2.2922345e+02   2.3053502e+02   2.2749359e+02   2.5121256e+02   2.2595695e+02   2.7128939e+02   2.2435749e+02   2.9041146e+02
   2.2017308e+02   3.6911103e+01   2.1770550e+02   6.3183796e+01   2.1569833e+02   8.8757660e+01   2.1382777e+02   1.1358277e+02   2.1173064e+02   1.3769464e+02   2.1035250e+02   1.6116529e+02   2.0855077e+02   1.8391325e+02   2.0719764e+02   2.0584157e+02   2.0554968e+02   2.2734052e+02   2.0443091e+02   2.4795503e+02   2.0312447e+02   2.6795535e+02   2.0223148e+02   2.8739405e+02
   1.9358793e+02   3.3735815e+01   1.9181874e+02   6.0168796e+01   1.9009448e+02   8.5605097e+01   1.8850506e+02   1.1047724e+02   1.8700230e+02   1.3454408e+02   1.8571379e+02   1.5801579e+02   1.8449396e+02   1.8066841e+02   1.8332674e+02   2.0263216e+02   1.8244124e+02   2.2411258e+02   1.8143762e+02   2.4465950e+02   1.8069885e+02   2.6467809e+02   1.7985539e+02   2.8396807e+02
   1.6744593e+02   3.1098192e+01   1.6590902e+02   5.7120112e+01   1.6459763e+02   8.2746107e+01   1.6347664e+02   1.0745763e+02   1.6228215e+02   1.3143398e+02   1.6160041e+02   1.5478220e+02   1.6049339e+02   1.7756048e+02   1.5979543e+02   1.9952337e+02   1.5901697e+02   2.2092242e+02   1.5862113e+02   2.4154528e+02   1.5825006e+02   2.6158832e+02   1.5793202e+02   2.8094825e+02
