   6.0349970e+02   1.5772327e+02   6.0119711e+02   1.8342510e+02   5.9859033e+02   2.0887482e+02   5.9557643e+02   2.3550411e+02   5.9236582e+02   2.6195908e+02   5.8887380e+02   2.8950318e+02   5.8494012e+02   3.1659175e+02   5.8078411e+02   3.4480500e+02   5.7614952e+02   3.7259193e+02   5.7160022e+02   4.0134172e+02   5.6666426e+02   4.2959421e+02   5.6152652e+02   4.5822571e+02
   5.7927813e+02   1.5168857e+02   5.7676344e+02   1.7673188e+02   5.7350452e+02   2.0308133e+02   5.7066631e+02   2.2915371e+02   5.6716681e+02   2.5637946e+02   5.6340312e+02   2.8343828e+02   5.5950105e+02   3.1156566e+02   5.5494316e+02   3.3942420e+02   5.5046641e+02   3.6790642e+02   5.4535826e+02   3.9623161e+02   5.4039934e+02   4.2536188e+02   5.3483910e+02   4.5377228e+02
   5.5446691e+02   1.4484107e+02   5.5191742e+02   1.7077501e+02   5.4859908e+02   1.9662606e+02   5.4531133e+02   2.2349108e+02   5.4146592e+02   2.5028380e+02   5.3763899e+02   2.7798781e+02   5.3333469e+02   3.0571419e+02   5.2885047e+02   3.3424219e+02   5.2392687e+02   3.6257527e+02   5.1907508e+02   3.9158306e+02   5.1347778e+02   4.2030722e+02   5.0833252e+02   4.4951105e+02
   5.2915740e+02   1.3873307e+02   5.2628823e+02   1.6424938e+02   5.2287906e+02   1.9056182e+02   5.1925606e+02   2.1709203e+02   5.1522291e+02   2.4445774e+02   5.1105191e+02   2.7199104e+02   5.0662132e+02   3.0020435e+02   5.0175783e+02   3.2853747e+02   4.9686033e+02   3.5753087e+02   4.9159016e+02   3.8619795e+02   4.8596361e+02   4.1557678e+02   4.8044735e+02   4.4446352e+02
   5.0350926e+02   1.3224718e+02   5.0022256e+02   1.5804193e+02   4.9663963e+02   1.8426649e+02   4.9271514e+02   2.1120235e+02   4.8852840e+02   2.3830611e+02   4.8417022e+02   2.6620211e+02   4.7945203e+02   2.9430636e+02   4.7444236e+02   3.2310801e+02   4.6928418e+02   3.5183170e+02   4.6399171e+02   3.8103270e+02   4.5820006e+02   4.1011578e+02   4.5269714e+02   4.3963373e+02
   4.7741324e+02   1.2597842e+02   4.7369756e+02   1.5155444e+02   4.7004207e+02   1.7816449e+02   4.6562688e+02   2.0474589e+02   4.6145660e+02   2.3227672e+02   4.5658749e+02   2.6012610e+02   4.5184017e+02   2.8848646e+02   4.4640052e+02   3.1716435e+02   4.4129412e+02   3.4626870e+02   4.3546529e+02   3.7543465e+02   4.2994958e+02   4.0491499e+02   4.2394339e+02   4.3430835e+02
   4.5077996e+02   1.1945474e+02   4.4671415e+02   1.4544993e+02   4.4281772e+02   1.7163966e+02   4.3832279e+02   1.9862554e+02   4.3366051e+02   2.2613300e+02   4.2873522e+02   2.5409905e+02   4.2354636e+02   2.8246211e+02   4.1827760e+02   3.1148139e+02   4.1255584e+02   3.4035229e+02   4.0696680e+02   3.6982114e+02   4.0103346e+02   3.9924385e+02   3.9528213e+02   4.2897005e+02
   4.2399387e+02   1.1342248e+02   4.1963794e+02   1.3897374e+02   4.1537192e+02   1.6556083e+02   4.1056102e+02   1.9241314e+02   4.0572445e+02   2.1992483e+02   4.0040185e+02   2.4801704e+02   3.9518599e+02   2.7642042e+02   3.8939813e+02   3.0538809e+02   3.8384670e+02   3.3448404e+02   3.7774573e+02   3.6384426e+02   3.7195179e+02   3.9360690e+02   3.6557729e+02   4.2315990e+02
   3.9690046e+02   1.0714742e+02   3.9222444e+02   1.3308753e+02   3.8752093e+02   1.5930068e+02   3.8263392e+02   1.8623825e+02   3.7739375e+02   2.1372338e+02   3.7189667e+02   2.4185471e+02   3.6635000e+02   2.7028672e+02   3.6061452e+02   2.9934822e+02   3.5461152e+02   3.2842969e+02   3.4872028e+02   3.5789621e+02   3.4252787e+02   3.8760355e+02   3.3621934e+02   4.1751114e+02
   3.6972161e+02   1.0124209e+02   3.6464890e+02   1.2681109e+02   3.5960534e+02   1.5332820e+02   3.5457626e+02   1.8018412e+02   3.4901303e+02   2.0771811e+02   3.4334998e+02   2.3563691e+02   3.3746123e+02   2.6406090e+02   3.3150784e+02   2.9298820e+02   3.2547843e+02   3.2232226e+02   3.1916965e+02   3.5175129e+02   3.1313251e+02   3.8159839e+02   3.0654312e+02   4.1121520e+02
   3.4237267e+02   9.5157415e+01   3.3685549e+02   1.2092876e+02   3.3135507e+02   1.4712958e+02   3.2627329e+02   1.7400320e+02   3.2026365e+02   2.0140942e+02   3.1452214e+02   2.2950030e+02   3.0833461e+02   2.5780685e+02   3.0238081e+02   2.8675376e+02   2.9580144e+02   3.1599697e+02   2.8963772e+02   3.4553742e+02   2.8310681e+02   3.7508110e+02   2.7699662e+02   4.0508162e+02
   3.1539364e+02   8.9456887e+01   3.0935459e+02   1.1497722e+02   3.0355632e+02   1.4130979e+02   2.9795884e+02   1.6803349e+02   2.9193926e+02   1.9543928e+02   2.8564922e+02   2.2324411e+02   2.7939048e+02   2.5159027e+02   2.7312091e+02   2.8044472e+02   2.6670026e+02   3.0972164e+02   2.6015773e+02   3.3897360e+02   2.5364722e+02   3.6870593e+02   2.4722876e+02   3.9846764e+02
   2.8800150e+02   8.3870117e+01   2.8161695e+02   1.0940639e+02   2.7548699e+02   1.3532360e+02   2.6962764e+02   1.6202572e+02   2.6332171e+02   1.8920782e+02   2.5711804e+02   2.1717152e+02   2.5031074e+02   2.4535386e+02   2.4397814e+02   2.7403055e+02   2.3716534e+02   3.0320804e+02   2.3081511e+02   3.3254764e+02   2.2414024e+02   3.6212228e+02   2.1765626e+02   3.9185187e+02
