   5.4273914e+02   9.0546168e+01   5.3480168e+02   1.1612115e+02   5.2716663e+02   1.4079588e+02   5.1950203e+02   1.6536782e+02   5.1183374e+02   1.8921558e+02   5.0425773e+02   2.1302830e+02   4.9637017e+02   2.3599148e+02   4.8892493e+02   2.5870291e+02   4.8145667e+02   2.8057998e+02   4.7402929e+02   3.0220466e+02   4.6665494e+02   3.2301150e+02   4.5960508e+02   3.4355776e+02
   5.1768623e+02   8.3227382e+01   5.1046548e+02   1.0797220e+02   5.0262746e+02   1.3292929e+02   4.9559778e+02   1.5686671e+02   4.8831261e+02   1.8095571e+02   4.8089890e+02   2.0431840e+02   4.7350695e+02   2.2727278e+02   4.6642730e+02   2.4961355e+02   4.5925223e+02   2.7160552e+02   4.5220329e+02   2.9287964e+02   4.4537499e+02   3.1389199e+02   4.3834323e+02   3.3425506e+02
   4.9362657e+02   7.5618162e+01   4.8637474e+02   1.0082559e+02   4.7919361e+02   1.2499528e+02   4.7215022e+02   1.4926811e+02   4.6532629e+02   1.7269907e+02   4.5837042e+02   1.9606364e+02   4.5134213e+02   2.1870847e+02   4.4451266e+02   2.4103449e+02   4.3760188e+02   2.6274644e+02   4.3109931e+02   2.8417694e+02   4.2429600e+02   3.0475505e+02   4.1793030e+02   3.2511778e+02
   4.6959868e+02   6.8982211e+01   4.6287499e+02   9.3270781e+01   4.5602879e+02   1.1767203e+02   4.4923583e+02   1.4137182e+02   4.4257023e+02   1.6489046e+02   4.3587354e+02   1.8779276e+02   4.2932931e+02   2.1048245e+02   4.2259992e+02   2.3258075e+02   4.1637527e+02   2.5422897e+02   4.0977401e+02   2.7514158e+02   4.0372247e+02   2.9590267e+02   3.9760054e+02   3.1609700e+02
   4.4644312e+02   6.2144100e+01   4.3971717e+02   8.6588285e+01   4.3337521e+02   1.1041663e+02   4.2669732e+02   1.3402614e+02   4.2043293e+02   1.5708172e+02   4.1428740e+02   1.8001096e+02   4.0781568e+02   2.0233303e+02   4.0174270e+02   2.2437455e+02   3.9553550e+02   2.4559092e+02   3.8946746e+02   2.6666797e+02   3.8361177e+02   2.8711066e+02   3.7774801e+02   3.0728124e+02
   4.2355936e+02   5.6046217e+01   4.1738790e+02   7.9870952e+01   4.1118278e+02   1.0363063e+02   4.0476919e+02   1.2668785e+02   3.9886298e+02   1.4979223e+02   3.9293422e+02   1.7237921e+02   3.8682356e+02   1.9452564e+02   3.8086035e+02   2.1624534e+02   3.7512701e+02   2.3751479e+02   3.6936889e+02   2.5834733e+02   3.6383826e+02   2.7872458e+02   3.5830705e+02   2.9853814e+02
   4.0147543e+02   4.9780410e+01   3.9539151e+02   7.3619096e+01   3.8943060e+02   9.6862678e+01   3.8355304e+02   1.2002650e+02   3.7762868e+02   1.4256204e+02   3.7202789e+02   1.6500527e+02   3.6631143e+02   1.8683262e+02   3.6086416e+02   2.0850284e+02   3.5505617e+02   2.2944749e+02   3.4985591e+02   2.5015284e+02   3.4441375e+02   2.7029651e+02   3.3938461e+02   2.9010369e+02
   3.7969866e+02   4.4332816e+01   3.7411353e+02   6.7522042e+01   3.6846131e+02   9.0688803e+01   3.6274728e+02   1.1331906e+02   3.5710699e+02   1.3575414e+02   3.5170060e+02   1.5777765e+02   3.4647426e+02   1.7945061e+02   3.4108295e+02   2.0076702e+02   3.3590186e+02   2.2170067e+02   3.3073237e+02   2.4215338e+02   3.2577316e+02   2.6220433e+02   3.2075964e+02   2.8174011e+02
   3.5880821e+02   3.8725782e+01   3.5333261e+02   6.1809375e+01   3.4793464e+02   8.4590116e+01   3.4255878e+02   1.0705497e+02   3.3710311e+02   1.2915029e+02   3.3210707e+02   1.5096579e+02   3.2697310e+02   1.7240229e+02   3.2197725e+02   1.9345476e+02   3.1698550e+02   2.1415923e+02   3.1200023e+02   2.3443014e+02   3.0733946e+02   2.5422052e+02   3.0270860e+02   2.7371245e+02
   3.3844247e+02   3.3697216e+01   3.3332617e+02   5.6416680e+01   3.2806576e+02   7.8985385e+01   3.2290908e+02   1.0091176e+02   3.1782692e+02   1.2279003e+02   3.1281162e+02   1.4435121e+02   3.0799216e+02   1.6549189e+02   3.0330948e+02   1.8634696e+02   2.9869883e+02   2.0678202e+02   2.9398822e+02   2.2677050e+02   2.8963505e+02   2.4650136e+02   2.8514905e+02   2.6571131e+02
   3.1881179e+02   2.8640648e+01   3.1367921e+02   5.1136551e+01   3.0871276e+02   7.3213269e+01   3.0381386e+02   9.5145504e+01   2.9889648e+02   1.1657772e+02   2.9415616e+02   1.3787792e+02   2.8961168e+02   1.5872715e+02   2.8530052e+02   1.7934992e+02   2.8066916e+02   1.9950774e+02   2.7654590e+02   2.1936310e+02   2.7222889e+02   2.3889030e+02   2.6829852e+02   2.5809960e+02
   2.9967873e+02   2.4065748e+01   2.9487971e+02   4.6136517e+01   2.9005533e+02   6.7955682e+01   2.8537663e+02   8.9359252e+01   2.8080553e+02   1.1070051e+02   2.7618902e+02   1.3162558e+02   2.7188522e+02   1.5231394e+02   2.6776509e+02   1.7261463e+02   2.6355712e+02   1.9271828e+02   2.5936704e+02   2.1235222e+02   2.5521904e+02   2.3159469e+02   2.5153872e+02   2.5055770e+02
   2.8126812e+02   1.9641558e+01   2.7641214e+02   4.1444800e+01   2.7197891e+02   6.2839891e+01   2.6750069e+02   8.4055519e+01   2.6309655e+02   1.0494801e+02   2.5887980e+02   1.2578887e+02   2.5447660e+02   1.4612952e+02   2.5058431e+02   1.6622700e+02   2.4661952e+02   1.8591543e+02   2.4287038e+02   2.0537161e+02   2.3885393e+02   2.2443372e+02   2.3544065e+02   2.4320277e+02
