   4.6615842e+02   1.3043391e+02   4.7006844e+02   1.4971773e+02   4.7332474e+02   1.6919083e+02   4.7749916e+02   1.9009972e+02   4.8085794e+02   2.1137933e+02   4.8509152e+02   2.3400900e+02   4.8867804e+02   2.5714760e+02   4.9284663e+02   2.8175911e+02   4.9659019e+02   3.0692189e+02   5.0078463e+02   3.3350659e+02   5.0450422e+02   3.6050586e+02   5.0896877e+02   3.8911123e+02
   4.4342643e+02   1.2835903e+02   4.4638406e+02   1.4718962e+02   4.4960708e+02   1.6744091e+02   4.5325074e+02   1.8797886e+02   4.5648377e+02   2.0967968e+02   4.5977867e+02   2.3234907e+02   4.6326833e+02   2.5586664e+02   4.6652594e+02   2.8039431e+02   4.7027756e+02   3.0612732e+02   4.7326556e+02   3.3242670e+02   4.7737687e+02   3.6034244e+02   4.8053072e+02   3.8888073e+02
   4.1997785e+02   1.2591580e+02   4.2280247e+02   1.4529298e+02   4.2537772e+02   1.6514599e+02   4.2854358e+02   1.8606722e+02   4.3115665e+02   2.0777223e+02   4.3420654e+02   2.3060842e+02   4.3689312e+02   2.5425793e+02   4.4015935e+02   2.7942198e+02   4.4296847e+02   3.0507376e+02   4.4602630e+02   3.3192714e+02   4.4886311e+02   3.5977040e+02   4.5244251e+02   3.8874687e+02
   3.9623413e+02   1.2372248e+02   3.9843560e+02   1.4281123e+02   4.0057221e+02   1.6319922e+02   4.0296569e+02   1.8406190e+02   4.0547056e+02   2.0591657e+02   4.0762985e+02   2.2883527e+02   4.1017781e+02   2.5279085e+02   4.1247782e+02   2.7785774e+02   4.1529318e+02   3.0386869e+02   4.1718973e+02   3.3096242e+02   4.2023133e+02   3.5932624e+02   4.2241886e+02   3.8835922e+02
   3.7201929e+02   1.2142243e+02   3.7393293e+02   1.4079118e+02   3.7519830e+02   1.6099422e+02   3.7738139e+02   1.8209856e+02   3.7904726e+02   2.0415031e+02   3.8116264e+02   2.2733659e+02   3.8266420e+02   2.5125724e+02   3.8467637e+02   2.7650106e+02   3.8647545e+02   3.0261342e+02   3.8842754e+02   3.3005868e+02   3.9031110e+02   3.5835685e+02   3.9257898e+02   3.8795892e+02
   3.4764938e+02   1.1944598e+02   3.4875583e+02   1.3877439e+02   3.4981196e+02   1.5916643e+02   3.5110239e+02   1.8020963e+02   3.5256518e+02   2.0231863e+02   3.5381926e+02   2.2558112e+02   3.5492350e+02   2.4973984e+02   3.5611253e+02   2.7520158e+02   3.5764402e+02   3.0153105e+02   3.5853572e+02   3.2894468e+02   3.6045577e+02   3.5764261e+02   3.6146410e+02   3.8747706e+02
   3.2281692e+02   1.1731744e+02   3.2351273e+02   1.3669803e+02   3.2377083e+02   1.5709243e+02   3.2466615e+02   1.7830679e+02   3.2536319e+02   2.0049785e+02   3.2628207e+02   2.2381091e+02   3.2659875e+02   2.4808492e+02   3.2740726e+02   2.7369117e+02   3.2789257e+02   3.0016321e+02   3.2868760e+02   3.2781319e+02   3.2947152e+02   3.5644922e+02   3.3050695e+02   3.8653814e+02
   2.9785954e+02   1.1542890e+02   2.9779160e+02   1.3476056e+02   2.9792464e+02   1.5526815e+02   2.9781386e+02   1.7647678e+02   2.9819871e+02   1.9869673e+02   2.9814910e+02   2.2216994e+02   2.9812089e+02   2.4644493e+02   2.9805806e+02   2.7209630e+02   2.9830757e+02   2.9869624e+02   2.9814559e+02   3.2646948e+02   2.9861477e+02   3.5555174e+02   2.9844198e+02   3.8564066e+02
   2.7254170e+02   1.1353373e+02   2.7216094e+02   1.3301440e+02   2.7155089e+02   1.5350062e+02   2.7093279e+02   1.7466933e+02   2.7041941e+02   1.9701496e+02   2.6999239e+02   2.2041577e+02   2.6916847e+02   2.4477092e+02   2.6870398e+02   2.7047093e+02   2.6792376e+02   2.9740516e+02   2.6765501e+02   3.2531707e+02   2.6690937e+02   3.5422957e+02   2.6660405e+02   3.8443648e+02
   2.4750244e+02   1.1177584e+02   2.4624472e+02   1.3136954e+02   2.4527008e+02   1.5171020e+02   2.4389910e+02   1.7312823e+02   2.4291937e+02   1.9546175e+02   2.4157829e+02   2.1876292e+02   2.4034811e+02   2.4334372e+02   2.3886056e+02   2.6889740e+02   2.3779798e+02   2.9579677e+02   2.3658538e+02   3.2371541e+02   2.3551804e+02   3.5283563e+02   2.3406229e+02   3.8330747e+02
   2.2183941e+02   1.1023199e+02   2.2029700e+02   1.2965961e+02   2.1845410e+02   1.5010378e+02   2.1662201e+02   1.7142813e+02   2.1483419e+02   1.9372453e+02   2.1314635e+02   2.1722360e+02   2.1101499e+02   2.4163229e+02   2.0927658e+02   2.6740616e+02   2.0718930e+02   2.9420080e+02   2.0560347e+02   3.2198419e+02   2.0348043e+02   3.5138120e+02   2.0174630e+02   3.8172545e+02
   1.9667818e+02   1.0857211e+02   1.9433497e+02   1.2811588e+02   1.9213923e+02   1.4842110e+02   1.8946519e+02   1.6980048e+02   1.8733468e+02   1.9202123e+02   1.8457436e+02   2.1554611e+02   1.8221216e+02   2.3984605e+02   1.7948216e+02   2.6566953e+02   1.7706251e+02   2.9242797e+02   1.7440681e+02   3.2035322e+02   1.7213408e+02   3.4966426e+02   1.6928930e+02   3.8000296e+02
   1.7133726e+02   1.0728308e+02   1.6842895e+02   1.2656753e+02   1.6544303e+02   1.4698811e+02   1.6245788e+02   1.6813424e+02   1.5952821e+02   1.9049733e+02   1.5651862e+02   2.1385167e+02   1.5291083e+02   2.3824785e+02   1.4992476e+02   2.6386553e+02   1.4650819e+02   2.9069937e+02   1.4361171e+02   3.1856283e+02   1.4014706e+02   3.4780571e+02   1.3719323e+02   3.7815112e+02
