   5.3237719e+02   3.4379124e+01   5.1912811e+02   6.5644157e+01   5.0700226e+02   9.4717839e+01   4.9482747e+02   1.2292337e+02   4.8370384e+02   1.4890552e+02   4.7273400e+02   1.7425969e+02   4.6232630e+02   1.9803466e+02   4.5234480e+02   2.2045254e+02   4.4269713e+02   2.4156821e+02   4.3376239e+02   2.6159238e+02   4.2494356e+02   2.8075929e+02   4.1690870e+02   2.9862476e+02
   5.0957101e+02   3.6701246e+01   4.9708643e+02   6.8447308e+01   4.8466582e+02   9.9029654e+01   4.7298953e+02   1.2759078e+02   4.6176691e+02   1.5484418e+02   4.5072800e+02   1.8051153e+02   4.4098644e+02   2.0489296e+02   4.3124901e+02   2.2761794e+02   4.2213199e+02   2.4923075e+02   4.1318956e+02   2.6965577e+02   4.0494825e+02   2.8889493e+02   3.9685012e+02   3.0714329e+02
   4.8568799e+02   3.8579773e+01   4.7288885e+02   7.2252783e+01   4.6102770e+02   1.0332739e+02   4.4940343e+02   1.3321816e+02   4.3864581e+02   1.6089369e+02   4.2812157e+02   1.8733916e+02   4.1863310e+02   2.1221505e+02   4.0909671e+02   2.3540747e+02   4.0023956e+02   2.5733628e+02   3.9190304e+02   2.7784903e+02   3.8376009e+02   2.9743493e+02   3.7648054e+02   3.1556967e+02
   4.5908831e+02   4.1531885e+01   4.4700664e+02   7.5767808e+01   4.3523540e+02   1.0846315e+02   4.2423525e+02   1.3890237e+02   4.1373009e+02   1.6756152e+02   4.0356462e+02   1.9452575e+02   3.9447143e+02   2.1988178e+02   3.8538028e+02   2.4355765e+02   3.7717932e+02   2.6574931e+02   3.6898398e+02   2.8668520e+02   3.6168817e+02   3.0634625e+02   3.5452301e+02   3.2480605e+02
   4.3097568e+02   4.4349856e+01   4.1879601e+02   8.0373506e+01   4.0771805e+02   1.1379926e+02   3.9708856e+02   1.4526458e+02   3.8700135e+02   1.7466996e+02   3.7761261e+02   2.0224647e+02   3.6883292e+02   2.2813127e+02   3.6066782e+02   2.5211525e+02   3.5258554e+02   2.7471512e+02   3.4541047e+02   2.9568362e+02   3.3830118e+02   3.1554637e+02   3.3196802e+02   3.3415160e+02
   3.9976475e+02   4.8075198e+01   3.8868218e+02   8.4877807e+01   3.7786044e+02   1.1982557e+02   3.6795399e+02   1.5202068e+02   3.5843549e+02   1.8235529e+02   3.5003804e+02   2.1051750e+02   3.4179475e+02   2.3679968e+02   3.3406538e+02   2.6126693e+02   3.2699839e+02   2.8406803e+02   3.2011993e+02   3.0532629e+02   3.1395977e+02   3.2516364e+02   3.0791113e+02   3.4375172e+02
   3.6647382e+02   5.1829014e+01   3.5577166e+02   9.0440557e+01   3.4585762e+02   1.2620709e+02   3.3680090e+02   1.5953492e+02   3.2818758e+02   1.9049364e+02   3.2066214e+02   2.1921661e+02   3.1306873e+02   2.4600544e+02   3.0629716e+02   2.7077297e+02   2.9970781e+02   2.9385386e+02   2.9397729e+02   3.1522459e+02   2.8839303e+02   3.3507183e+02   2.8329518e+02   3.5380847e+02
   3.2981412e+02   5.6522108e+01   3.2050273e+02   9.6336016e+01   3.1158474e+02   1.3338642e+02   3.0346381e+02   1.6749229e+02   2.9620265e+02   1.9925050e+02   2.8909680e+02   2.2858675e+02   2.8288593e+02   2.5570706e+02   2.7667564e+02   2.8079297e+02   2.7141649e+02   3.0401523e+02   2.6622014e+02   3.2554728e+02   2.6168850e+02   3.4548951e+02   2.5729756e+02   3.6434065e+02
   2.9062646e+02   6.1702012e+01   2.8232053e+02   1.0311011e+02   2.7466877e+02   1.4111986e+02   2.6786659e+02   1.7626211e+02   2.6156295e+02   2.0858038e+02   2.5591479e+02   2.3848942e+02   2.5069060e+02   2.6602754e+02   2.4587711e+02   2.9115942e+02   2.4133356e+02   3.1469458e+02   2.3753355e+02   3.3627723e+02   2.3357751e+02   3.5637680e+02   2.3044461e+02   3.7490308e+02
   2.4826879e+02   6.7752819e+01   2.4142456e+02   1.1052677e+02   2.3537999e+02   1.4971269e+02   2.2977764e+02   1.8555094e+02   2.2543776e+02   2.1858444e+02   2.2088697e+02   2.4879492e+02   2.1713083e+02   2.7674352e+02   2.1325252e+02   3.0222122e+02   2.1028301e+02   3.2564067e+02   2.0723620e+02   3.4735042e+02   2.0459635e+02   3.6735910e+02   2.0226607e+02   3.8597417e+02
   2.0231479e+02   7.4783030e+01   1.9738025e+02   1.1872658e+02   1.9309021e+02   1.5906825e+02   1.8960491e+02   1.9562800e+02   1.8650330e+02   2.2921797e+02   1.8399935e+02   2.5978073e+02   1.8138032e+02   2.8795456e+02   1.7943540e+02   3.1341880e+02   1.7734668e+02   3.3712294e+02   1.7596252e+02   3.5873006e+02   1.7445458e+02   3.7877427e+02   1.7340953e+02   3.9701207e+02
   1.5330283e+02   8.2455086e+01   1.5078160e+02   1.2798359e+02   1.4884411e+02   1.6894132e+02   1.4722125e+02   2.0635872e+02   1.4615555e+02   2.4025469e+02   1.4518106e+02   2.7130204e+02   1.4459449e+02   2.9953644e+02   1.4383833e+02   3.2522182e+02   1.4368355e+02   3.4876594e+02   1.4307951e+02   3.7049571e+02   1.4339170e+02   3.9027018e+02   1.4310411e+02   4.0868934e+02
   1.0114178e+02   9.1661998e+01   1.0114387e+02   1.3783972e+02   1.0148174e+02   1.7999195e+02   1.0273240e+02   2.1777193e+02   1.0356841e+02   2.5231127e+02   1.0489843e+02   2.8322525e+02   1.0579451e+02   3.1189132e+02   1.0726138e+02   3.3729827e+02   1.0825951e+02   3.6105731e+02   1.0974560e+02   3.8247318e+02   1.1078662e+02   4.0239502e+02   1.1223705e+02   4.2047185e+02
