   4.3365480e+02   1.9548092e+02   4.3843670e+02   2.0853272e+02   4.4331322e+02   2.2219139e+02   4.4847722e+02   2.3654416e+02   4.5352815e+02   2.5169299e+02   4.5945283e+02   2.6786590e+02   4.6495395e+02   2.8451693e+02   4.7154891e+02   3.0273928e+02   4.7769438e+02   3.2168145e+02   4.8479738e+02   3.4185016e+02   4.9161998e+02   3.6319081e+02   4.9958906e+02   3.8584060e+02
   4.1283223e+02   1.9397403e+02   4.1669053e+02   2.0697443e+02   4.2140077e+02   2.2076664e+02   4.2570747e+02   2.3527979e+02   4.3065137e+02   2.5050754e+02   4.3543304e+02   2.6653744e+02   4.4096172e+02   2.8371601e+02   4.4640466e+02   3.0179892e+02   4.5249985e+02   3.2115974e+02   4.5831737e+02   3.4139497e+02   4.6504837e+02   3.6296848e+02   4.7139628e+02   3.8579169e+02
   3.9152728e+02   1.9239141e+02   3.9527093e+02   2.0563444e+02   3.9892900e+02   2.1945694e+02   4.0308916e+02   2.3387726e+02   4.0717470e+02   2.4934637e+02   4.1164880e+02   2.6559546e+02   4.1605144e+02   2.8246654e+02   4.2129251e+02   3.0105011e+02   4.2607742e+02   3.2017774e+02   4.3189511e+02   3.4075012e+02   4.3715512e+02   3.6245916e+02   4.4359339e+02   3.8580349e+02
   3.7014014e+02   1.9100578e+02   3.7289733e+02   2.0400278e+02   3.7629110e+02   2.1796035e+02   3.7960982e+02   2.3241676e+02   3.8326728e+02   2.4793326e+02   3.8676689e+02   2.6418253e+02   3.9100048e+02   2.8163268e+02   3.9495340e+02   2.9994177e+02   3.9971634e+02   3.1952466e+02   4.0402919e+02   3.4012069e+02   4.0917771e+02   3.6213791e+02   4.1397204e+02   3.8556068e+02
   3.4814426e+02   1.8948586e+02   3.5059616e+02   2.0259877e+02   3.5312551e+02   2.1651820e+02   3.5615673e+02   2.3133712e+02   3.5874957e+02   2.4657389e+02   3.6216305e+02   2.6323476e+02   3.6504629e+02   2.8031698e+02   3.6878293e+02   2.9907304e+02   3.7214817e+02   3.1846723e+02   3.7637847e+02   3.3951187e+02   3.8008399e+02   3.6162573e+02   3.8460325e+02   3.8528622e+02
   3.2616505e+02   1.8793712e+02   3.2797924e+02   2.0136913e+02   3.2996031e+02   2.1535610e+02   3.3214390e+02   2.2982272e+02   3.3447970e+02   2.4545303e+02   3.3662959e+02   2.6180271e+02   3.3927161e+02   2.7938402e+02   3.4166833e+02   2.9785033e+02   3.4478312e+02   3.1767257e+02   3.4754640e+02   3.3847941e+02   3.5088177e+02   3.6091909e+02   3.5374696e+02   3.8460145e+02
   3.0360107e+02   1.8653684e+02   3.0508978e+02   1.9982365e+02   3.0632737e+02   2.1373796e+02   3.0793559e+02   2.2842752e+02   3.0933497e+02   2.4395561e+02   3.1109732e+02   2.6048711e+02   3.1260357e+02   2.7795565e+02   3.1456690e+02   2.9670551e+02   3.1642801e+02   3.1645125e+02   3.1880318e+02   3.3768400e+02   3.2075647e+02   3.5995620e+02   3.2336667e+02   3.8399204e+02
   2.8137111e+02   1.8533497e+02   2.8185389e+02   1.9838632e+02   2.8263882e+02   2.1235250e+02   2.8341636e+02   2.2720192e+02   2.8434582e+02   2.4261647e+02   2.8511225e+02   2.5938249e+02   2.8605750e+02   2.7668376e+02   2.8692786e+02   2.9564960e+02   2.8834388e+02   3.1552895e+02   2.8925998e+02   3.3646004e+02   2.9073526e+02   3.5924605e+02   2.9169470e+02   3.8322025e+02
   2.5854772e+02   1.8385125e+02   2.5877967e+02   1.9723596e+02   2.5867167e+02   2.1114523e+02   2.5897192e+02   2.2577667e+02   2.5883270e+02   2.4148742e+02   2.5913249e+02   2.5792842e+02   2.5906488e+02   2.7555890e+02   2.5927185e+02   2.9429939e+02   2.5944913e+02   3.1418047e+02   2.5986505e+02   3.3553318e+02   2.5990996e+02   3.5803854e+02   2.6044711e+02   3.8225293e+02
   2.3604807e+02   1.8253635e+02   2.3544542e+02   1.9576023e+02   2.3487521e+02   2.0977405e+02   2.3422047e+02   2.2444844e+02   2.3358752e+02   2.3997217e+02   2.3274966e+02   2.5657733e+02   2.3219576e+02   2.7405480e+02   2.3126064e+02   2.9302160e+02   2.3086912e+02   3.1299506e+02   2.2982533e+02   3.3415723e+02   2.2944832e+02   3.5684160e+02   2.2837895e+02   3.8117155e+02
   2.1309488e+02   1.8137022e+02   2.1216447e+02   1.9445145e+02   2.1060450e+02   2.0841556e+02   2.0947947e+02   2.2327271e+02   2.0778529e+02   2.3865806e+02   2.0653663e+02   2.5540127e+02   2.0476991e+02   2.7274000e+02   2.0334182e+02   2.9169457e+02   2.0165450e+02   3.1168995e+02   2.0005202e+02   3.3280251e+02   1.9831040e+02   3.5561158e+02   1.9662368e+02   3.7978352e+02
   1.9055501e+02   1.7999554e+02   1.8868539e+02   1.9334290e+02   1.8672842e+02   2.0726060e+02   1.8462378e+02   2.2186079e+02   1.8257599e+02   2.3748298e+02   1.8027574e+02   2.5393164e+02   1.7794679e+02   2.7150835e+02   1.7535838e+02   2.9017730e+02   1.7311133e+02   3.1005892e+02   1.7001483e+02   3.3149860e+02   1.6770022e+02   3.5397803e+02   1.6462917e+02   3.7831464e+02
   1.6768850e+02   1.7893322e+02   1.6551543e+02   1.9193710e+02   1.6264079e+02   2.0589137e+02   1.6011210e+02   2.2046078e+02   1.5695616e+02   2.3605248e+02   1.5426727e+02   2.5250438e+02   1.5066985e+02   2.7003010e+02   1.4747839e+02   2.8868229e+02   1.4408309e+02   3.0868022e+02   1.4038588e+02   3.2981250e+02   1.3659856e+02   3.5239615e+02   1.3293036e+02   3.7665817e+02
