   5.6879261e+02   1.7518307e+02   5.5438254e+02   2.0526867e+02   5.4115095e+02   2.3253136e+02   5.2847106e+02   2.5863614e+02   5.1645549e+02   2.8248947e+02   5.0491090e+02   3.0536774e+02   4.9403116e+02   3.2632064e+02   4.8367198e+02   3.4593061e+02   4.7381404e+02   3.6432064e+02   4.6459663e+02   3.8168373e+02   4.5573657e+02   3.9786610e+02   4.4767443e+02   4.1331686e+02
   5.3453384e+02   1.7141785e+02   5.2143879e+02   2.0128331e+02   5.0857335e+02   2.2979468e+02   4.9693558e+02   2.5592060e+02   4.8548699e+02   2.8060728e+02   4.7474609e+02   3.0350324e+02   4.6474344e+02   3.2514833e+02   4.5517910e+02   3.4475438e+02   4.4609496e+02   3.6358959e+02   4.3753867e+02   3.8094271e+02   4.2937648e+02   3.9753438e+02   4.2193281e+02   4.1274864e+02
   4.9945590e+02   1.6664646e+02   4.8688623e+02   1.9807391e+02   4.7530854e+02   2.2664894e+02   4.6438444e+02   2.5364424e+02   4.5382512e+02   2.7848519e+02   4.4409705e+02   3.0177136e+02   4.3482185e+02   3.2358107e+02   4.2614665e+02   3.4372429e+02   4.1782231e+02   3.6247491e+02   4.1027587e+02   3.8010876e+02   4.0270091e+02   3.9661760e+02   3.9607133e+02   4.1210596e+02
   4.6233521e+02   1.6273518e+02   4.5099110e+02   1.9423188e+02   4.4047197e+02   2.2379993e+02   4.3046298e+02   2.5094057e+02   4.2114481e+02   2.7634147e+02   4.1219421e+02   2.9990078e+02   4.0403288e+02   3.2197371e+02   3.9610244e+02   3.4230654e+02   3.8870158e+02   3.6152836e+02   3.8171296e+02   3.7926068e+02   3.7531641e+02   3.9583308e+02   3.6922388e+02   4.1155423e+02
   4.2400338e+02   1.5842131e+02   4.1384724e+02   1.9077633e+02   4.0453794e+02   2.2055144e+02   3.9584344e+02   2.4834243e+02   3.8736399e+02   2.7397256e+02   3.7966444e+02   2.9788628e+02   3.7230987e+02   3.2019885e+02   3.6552043e+02   3.4082869e+02   3.5893587e+02   3.6004644e+02   3.5318112e+02   3.7809777e+02   3.4730919e+02   3.9488887e+02   3.4227925e+02   4.1066593e+02
   3.8453649e+02   1.5443265e+02   3.7568246e+02   1.8696344e+02   3.6760656e+02   2.1758074e+02   3.6018499e+02   2.4560007e+02   3.5289563e+02   2.7172376e+02   3.4628513e+02   2.9584817e+02   3.4009041e+02   3.1846502e+02   3.3422797e+02   3.3933349e+02   3.2885191e+02   3.5869465e+02   3.2372340e+02   3.7675774e+02   3.1910291e+02   3.9378420e+02   3.1454418e+02   4.0962590e+02
   3.4374314e+02   1.5013825e+02   3.3649712e+02   1.8349256e+02   3.2961393e+02   2.1424280e+02   3.2361728e+02   2.4274326e+02   3.1755385e+02   2.6918102e+02   3.1235616e+02   2.9374217e+02   3.0723956e+02   3.1640556e+02   3.0250236e+02   3.3760621e+02   2.9816915e+02   3.5721169e+02   2.9424580e+02   3.7545926e+02   2.9023607e+02   3.9235139e+02   2.8690928e+02   4.0844705e+02
   3.0231641e+02   1.4629460e+02   2.9644900e+02   1.7990963e+02   2.9132232e+02   2.1113359e+02   2.8639084e+02   2.3995065e+02   2.8201683e+02   2.6669486e+02   2.7771183e+02   2.9145695e+02   2.7412473e+02   3.1440299e+02   2.7021592e+02   3.3564872e+02   2.6716742e+02   3.5548763e+02   2.6405669e+02   3.7391160e+02   2.6137890e+02   3.9101684e+02   2.5858167e+02   4.0717379e+02
   2.6000711e+02   1.4242017e+02   2.5593346e+02   1.7650479e+02   2.5214845e+02   2.0792662e+02   2.4872930e+02   2.3698681e+02   2.4566813e+02   2.6397418e+02   2.4299980e+02   2.8898746e+02   2.4034441e+02   3.1207476e+02   2.3790870e+02   3.3357601e+02   2.3563165e+02   3.5363588e+02   2.3393537e+02   3.7206367e+02   2.3182755e+02   3.8947487e+02   2.3055718e+02   4.0564211e+02
   2.1767973e+02   1.3869544e+02   2.1511429e+02   1.7305893e+02   2.1311790e+02   2.0480254e+02   2.1085011e+02   2.3412526e+02   2.0958172e+02   2.6135001e+02   2.0790165e+02   2.8637341e+02   2.0663494e+02   3.0977367e+02   2.0523882e+02   3.3131011e+02   2.0443849e+02   3.5150792e+02   2.0332890e+02   3.7013348e+02   2.0265791e+02   3.8761100e+02   2.0169842e+02   4.0390607e+02
   1.7475678e+02   1.3510683e+02   1.7411399e+02   1.6969938e+02   1.7330654e+02   2.0160200e+02   1.7294837e+02   2.3112893e+02   1.7274284e+02   2.5850343e+02   1.7270355e+02   2.8374409e+02   1.7253226e+02   3.0728054e+02   1.7269714e+02   3.2884314e+02   1.7259227e+02   3.4910563e+02   1.7293622e+02   3.6796835e+02   1.7289297e+02   3.8554854e+02   1.7342175e+02   4.0190591e+02
   1.3265678e+02   1.3159831e+02   1.3345335e+02   1.6651398e+02   1.3449458e+02   1.9848159e+02   1.3526220e+02   2.2806588e+02   1.3669437e+02   2.5551636e+02   1.3761313e+02   2.8100152e+02   1.3886935e+02   3.0455054e+02   1.3996990e+02   3.2638537e+02   1.4146682e+02   3.4671278e+02   1.4235020e+02   3.6566851e+02   1.4368534e+02   3.8334735e+02   1.4469252e+02   3.9980642e+02
   9.0535248e+01   1.2882883e+02   9.3092721e+01   1.6331211e+02   9.5455146e+01   1.9562826e+02   9.8162389e+01   2.2520407e+02   1.0042497e+02   2.5268135e+02   1.0310585e+02   2.7809406e+02   1.0516016e+02   3.0194962e+02   1.0770425e+02   3.2375401e+02   1.0984235e+02   3.4424493e+02   1.1231420e+02   3.6331309e+02   1.1422372e+02   3.8115702e+02   1.1644638e+02   3.9771529e+02
