   3.6741248e+02   2.9274336e+01   3.6291714e+02   5.7270897e+01   3.5884601e+02   8.4242357e+01   3.5470676e+02   1.1043579e+02   3.5064026e+02   1.3572378e+02   3.4676904e+02   1.6035599e+02   3.4305446e+02   1.8415606e+02   3.3932447e+02   2.0691590e+02   3.3555422e+02   2.2903755e+02   3.3213857e+02   2.5020806e+02   3.2881871e+02   2.7076446e+02   3.2567040e+02   2.9029717e+02
   3.5198332e+02   3.2718720e+01   3.4784613e+02   6.1395407e+01   3.4362109e+02   8.9404276e+01   3.3974352e+02   1.1639648e+02   3.3579794e+02   1.4250206e+02   3.3196731e+02   1.6781799e+02   3.2857140e+02   1.9211724e+02   3.2473978e+02   2.1561858e+02   3.2134104e+02   2.3803484e+02   3.1821755e+02   2.5985074e+02   3.1516696e+02   2.8057546e+02   3.1183689e+02   3.0061404e+02
   3.3580211e+02   3.6195999e+01   3.3154808e+02   6.6139183e+01   3.2754536e+02   9.5019576e+01   3.2377283e+02   1.2283609e+02   3.1998507e+02   1.4985231e+02   3.1652422e+02   1.7557253e+02   3.1295790e+02   2.0090905e+02   3.0964745e+02   2.2467311e+02   3.0631437e+02   2.4780757e+02   3.0350043e+02   2.6967754e+02   3.0036504e+02   2.9109481e+02   2.9769167e+02   3.1121721e+02
   3.1792690e+02   4.0240764e+01   3.1405986e+02   7.1162461e+01   3.1021296e+02   1.0100815e+02   3.0656745e+02   1.2993900e+02   3.0315232e+02   1.5756978e+02   2.9963105e+02   1.8430216e+02   2.9665175e+02   2.0981105e+02   2.9319571e+02   2.3453862e+02   2.9058346e+02   2.5785790e+02   2.8762865e+02   2.8052873e+02   2.8518358e+02   3.0184295e+02   2.8241458e+02   3.2263185e+02
   2.9892432e+02   4.4513673e+01   2.9506978e+02   7.6751916e+01   2.9156037e+02   1.0762170e+02   2.8837075e+02   1.3732423e+02   2.8489871e+02   1.6601144e+02   2.8196091e+02   1.9335414e+02   2.7895764e+02   2.1974474e+02   2.7607221e+02   2.4478533e+02   2.7350663e+02   2.6885807e+02   2.7113849e+02   2.9159779e+02   2.6865830e+02   3.1361318e+02   2.6654638e+02   3.3433535e+02
   2.7824254e+02   4.9352208e+01   2.7479024e+02   8.2758335e+01   2.7163654e+02   1.1483750e+02   2.6847126e+02   1.4552968e+02   2.6559906e+02   1.7490880e+02   2.6273120e+02   2.0320620e+02   2.6038468e+02   2.3009475e+02   2.5768761e+02   2.5587649e+02   2.5573088e+02   2.8023159e+02   2.5341374e+02   3.0364454e+02   2.5149944e+02   3.2568355e+02   2.4942957e+02   3.4704572e+02
   2.5576748e+02   5.4757313e+01   2.5254387e+02   8.9345241e+01   2.4976820e+02   1.2264457e+02   2.4722734e+02   1.5437242e+02   2.4465015e+02   1.8473730e+02   2.4252036e+02   2.1364854e+02   2.4016796e+02   2.4136341e+02   2.3842885e+02   2.6747285e+02   2.3629747e+02   2.9261547e+02   2.3482185e+02   3.1607562e+02   2.3314721e+02   3.3873634e+02   2.3186821e+02   3.5992776e+02
   2.3133984e+02   6.0611120e+01   2.2878963e+02   9.6667859e+01   2.2650604e+02   1.3111989e+02   2.2432851e+02   1.6394950e+02   2.2250482e+02   1.9522585e+02   2.2054952e+02   2.2504008e+02   2.1900508e+02   2.5329651e+02   2.1743932e+02   2.8017762e+02   2.1639588e+02   3.0532710e+02   2.1481979e+02   3.2955311e+02   2.1388607e+02   3.5223236e+02   2.1286362e+02   3.7386689e+02
   2.0502717e+02   6.7358848e+01   2.0292876e+02   1.0472136e+02   2.0122564e+02   1.4053414e+02   1.9966717e+02   1.7435107e+02   1.9833460e+02   2.0660482e+02   1.9712543e+02   2.3703696e+02   1.9630816e+02   2.6613916e+02   1.9532419e+02   2.9332302e+02   1.9451820e+02   3.1927242e+02   1.9418481e+02   3.4345433e+02   1.9343670e+02   3.6668326e+02   1.9328336e+02   3.8828970e+02
   1.7632802e+02   7.4631733e+01   1.7514733e+02   1.1364316e+02   1.7403175e+02   1.5064639e+02   1.7313356e+02   1.8561898e+02   1.7268981e+02   2.1876244e+02   1.7213435e+02   2.5013339e+02   1.7226392e+02   2.7961775e+02   1.7175049e+02   3.0757386e+02   1.7184674e+02   3.3367339e+02   1.7168434e+02   3.5849741e+02   1.7215938e+02   3.8158467e+02   1.7225595e+02   4.0363891e+02
   1.4512181e+02   8.3008298e+01   1.4455392e+02   1.2345466e+02   1.4437066e+02   1.6179110e+02   1.4451189e+02   1.9779665e+02   1.4471957e+02   2.3214082e+02   1.4551074e+02   2.6407640e+02   1.4575022e+02   2.9438213e+02   1.4664442e+02   3.2252104e+02   1.4729859e+02   3.4926115e+02   1.4845278e+02   3.7396528e+02   1.4921014e+02   3.9754780e+02   1.5037135e+02   4.1948191e+02
   1.1098945e+02   9.1968814e+01   1.1178910e+02   1.3429399e+02   1.1270569e+02   1.7378449e+02   1.1392657e+02   2.1120174e+02   1.1518936e+02   2.4610602e+02   1.1683001e+02   2.7907658e+02   1.1860088e+02   3.0964296e+02   1.1996614e+02   3.3859297e+02   1.2189041e+02   3.6531848e+02   1.2343987e+02   3.9066959e+02   1.2547654e+02   4.1404429e+02   1.2710549e+02   4.3635478e+02
   7.4250190e+01   1.0256051e+02   7.6243048e+01   1.4607131e+02   7.8472325e+01   1.8737276e+02   8.1098473e+01   2.2555096e+02   8.3619094e+01   2.6158103e+02   8.6237433e+01   2.9495987e+02   8.8993654e+01   3.2658986e+02   9.1842201e+01   3.5535657e+02   9.4466586e+01   3.8278983e+02   9.7452214e+01   4.0795730e+02   1.0002688e+02   4.3176255e+02   1.0296184e+02   4.5373764e+02
